Price,Volume
0.04587074478645076,0.21332104122624365
0.04536811491842968,0.09248750920583451
0.04210124126022369,0.16293399880257922
0.04492350907158171,0.13082616735279937
0.04552293138530883,0.20115609386507294
0.05004634296624566,0.20492849914432099
0.05219205583535069,0.23429179978700748
0.04768775286176663,0.20473775955155002
0.04917638686918974,0.13135599955494096
0.051747449988502725,0.1952855530653442
0.047513864534856565,0.22100360815729658
0.04728198893409524,0.2167225639639926
0.04782324023736201,0.12888698149296118
0.0485577824534662,0.24311880427468618
0.05942183417458674,0.35430939021611857
0.0546276683263901,0.33910320601465516
0.05379655414851081,0.2539379778424173
0.056870247135844876,0.18656451501809376
0.05522712738743907,0.25747725695272305
0.06350071340331925,0.24856547931270168
0.05965385676463536,0.2314307058954429
0.05482099598654938,0.325263988894717
0.0577400929909353,0.17956013330578208
0.05654146884741201,0.19512660340470173
0.06135496378689237,0.17655068639761787
0.06479583601397393,0.20987713191232338
0.06069770118860135,0.23839270103158328
0.06634245729524829,0.25099211079851014
0.0685654497821665,0.13791532221745373
0.06815957561252967,0.11698695023286126
0.07105912304170081,0.16696072353885524
0.06750223951959494,0.26943027143303716
0.06280486611710434,0.16482020144220327
0.066671051847072,0.19128002161715385
0.0690873719941495,0.18212452116414732
0.07003457096169674,0.13864649065640913
0.06827547666558847,0.11279067919189995
0.06714854654695984,0.14352094691611167
0.0696550813691354,0.12107725483339427
0.0733079121485452,0.2176656652838046
0.07161749859694133,0.16909064899146442
0.08004998003242403,0.22726622478661007
0.08100210314109679,0.19952421068247686
0.08395548539675213,0.1579005928822342
0.08727806799485577,0.16702430340311225
0.0846548604258629,0.1595748626410016
0.08378067838679626,0.11602265562496358
0.08721978674242986,0.1403419537032622
0.08395548539675213,0.21724179952209138
0.08255655160192144,0.16897408590699325
0.08688942831915825,0.14826824344730025
0.09083366536069748,0.15232675811570476
0.08587906070538137,0.1849962116997547
0.08953196497943483,0.1380318853019249
0.08681178122812677,0.26862492648578196
0.08811359185135487,0.1826543533662889
0.08613162504833421,0.19290130815570708
0.08094385863599274,0.21137125872236262
0.07900077049947052,0.1907607860590551
0.08179882182574111,0.133305782058822
0.08745291175213343,0.13760801954021162
0.08896851829378144,0.10676118873152873
0.09021190067529639,0.15801715596670535
0.0903867811798959,0.11436957915428184
0.08821067827563561,0.13988629800942043
0.0847132886675761,0.11566236972750732
0.08292578869169154,0.18844012101367497
0.0853350166056554,0.14946566422414023
0.07952544876059092,0.1492537313432836
0.07464860143827184,0.2869677173239235
0.07664982383793256,0.2050980454490063
0.08331424463077991,0.31170028451989257
0.08840496136616255,0.3499965560906861
0.09120286570314579,0.29599605804841606
0.09499180856262207,0.18413788353228533
0.09598255310654052,0.21204944394110387
0.09569118359173284,0.12273033130407601
0.09312655125374053,0.10941034974223665
0.08768603676183706,0.1995665972586482
0.08797744302396654,0.19024155050095634
0.0917858252166921,0.14355273684824016
0.09283499800232375,0.12723390502227946
0.08966778308092671,0.10546839815830328
0.08811359185135487,0.16380292361409143
0.08762779225673295,0.1605179639608136
0.08675324274444801,0.19233968602143703
0.08879360104186007,0.24614944447093606
0.08949308631293634,0.1650003443909314
0.09067822418934718,0.1407870127530611
0.09516665231989979,0.1726723146779415
0.09763423498093321,0.13687685110125625
0.09629354569120657,0.11798303477288744
0.09417565054472854,0.12215811252576309
0.10202542969791772,0.27673135917854813
0.10286080656512953,0.1348211021569469
0.09951893162306397,0.15831386199990463
0.1022003469498391,0.1283571492908196
0.10229739662679799,0.08894823009552874
0.10416276417764503,0.07721774514011412
0.10577527340696458,0.09378029977905997
0.10437633961213388,0.13783054906511108
0.107154988352477,0.10600882700448769
0.11001102695259879,0.20524639846560594
0.1098168908513592,0.10382591833166438
0.10635819617318903,0.11548222677877917
0.10721323285758111,0.08947806229767033
0.11209011692722204,0.14958222730861137
0.11504364617216473,0.18219869767244715
0.11974561298988429,0.14307588786631276
0.12083370118933628,0.14106782382019614
0.11990101741391274,0.09672086850094574
0.11578289204546344,0.1399763694837845
0.11668092309639916,0.062085737446950555
0.11242606094341218,0.1317427770625043
0.1107084911209743,0.15212542187889097
0.11578289204546344,0.15470570470332046
0.11718821987429295,0.09842162986982023
0.11738338490054384,0.223085848711713
0.11586109034632242,0.10859970647296002
0.11191858042890923,0.09623872119699692
0.11351896304202413,0.09956606742644605
0.11148926146794347,0.13042349487917176
0.11176258804773148,0.1366013383561426
0.11219187026137545,0.16465065513751795
0.11355806219245362,0.1430229046460986
0.11344091173045251,0.14862323102273511
0.11699290785875471,0.09512607357249961
0.11418261967431403,0.11911157736344899
0.11351896304202413,0.07185584325444133
0.11554884835271406,0.05917695865719327
0.11164543758573037,0.09380149306714564
0.11422149834081252,0.07526796263623312
0.11742241055632968,0.08453472785168936
0.11851531265494164,0.10562204949692433
0.12011554827876925,0.07941125045698028
0.11492425412353185,0.08224055441641631
0.11839827243490603,0.1337190511764924
0.11956915235044602,0.1102368879775775
0.12433142152329224,0.11632465998018429
0.12296519284489221,0.15301553997848882
0.12007681660155806,0.13868887723258044
0.11964742414594859,0.08855615426594399
0.11566585182542782,0.13216134450219616
0.11160630168797908,0.17721297665029487
0.11109889466811979,0.21247860802483853
0.10657092641927574,0.202724397183412
0.10500956946194667,0.18762417942237694
0.10649298534966961,0.20528348671975585
0.10520473448819756,0.1324739455014597
0.1034482859992612,0.13929288594302186
0.10333109878993829,0.08870450728254362
0.10785917728074779,0.09268884544264833
0.11148926146794347,0.12469071045199986
0.11187955477312345,0.1061465833770445
0.11539270898224896,0.07786414042672685
0.11992056698912751,0.10590286056405937
0.12093549127081149,0.11946656493888386
0.12796146896316607,0.16673289569193436
0.1303034860254988,0.0896370119583128
0.13490961582787997,0.14903650014040554
0.13604150683495592,0.0892661294168137
0.13569023918556178,0.08689248115121942
0.13518283216570248,0.08895882673957159
0.13487044318280683,0.1340157572096917
0.13581183607350455,0.06563031487927773
0.13479202439801685,0.05935710160592141
0.1356941711489978,0.06731518128208797
0.13938069922252772,0.1355893588500522
0.14091034324111562,0.1152914871860082
0.14345957845126023,0.20748758868066483
0.14518530617914488,0.15865825293129668
0.1442832329228076,0.07344533986086607
0.14432251580984623,0.06547136521863525
0.14396952103632593,0.054583313464625756
0.1452637249639348,0.05164804306476139
0.1425183325498498,0.07554877370336816
0.14263599747435657,0.11968909446378334
0.14608741618280396,0.15500241073651974
0.15259782894985252,0.14697015455205337
0.15189187615013378,0.11908508575334192
0.15173496508591022,0.19446431315202475
0.1483621121515401,0.08997610456768343
0.14561668299013325,0.10567503271713849
0.149107237596332,0.13007910394777975
0.1432243588442122,0.10865268969317418
0.1486757872906999,0.07258701169339671
0.14847970358140317,0.06689661384239612
0.14804829002309294,0.14164004259850907
0.13777289365040268,0.2040913642649373
0.13894921216957384,0.21477278146011158
0.15232325296112215,0.1773984179210444
0.1514604258445017,0.10513460387095408
0.14000826998477833,0.13166860055420448
0.1464794733594319,0.19947652578428413
0.13596852665379716,0.16241476324448048
0.12028091122701423,0.369542066027689
0.1074953052999652,0.38931010548959144
0.11565284327349923,0.332411425301607
0.11384884375011195,0.3041872638935249
0.13083106732504396,0.4544264831327918
0.14012597165660695,0.3415404341445064
0.13918476250251838,0.166944828572791
0.1497740544982994,0.17319155023604024
0.14193004467463782,0.25568642410948456
0.16299107398365864,0.3060257816349562
0.1722077432670408,0.2037893599097166
0.17303121400197913,0.158573479778954
0.17848271594311038,0.17319684855806167
0.17373713005437597,0.1846624174124055
0.17385494196816997,0.17645001827921097
0.17954173701099313,0.17302200393135495
0.17487456990704858,0.17319684855806167
0.174952878449873,0.22373754232034715
0.17938471570480402,0.1766937410921961
0.18930733778790493,0.18656451501809376
0.18856221234311304,0.13479990886886123
0.1969944365473429,0.1812132097764638
0.19832784986734675,0.11660547104731933
0.19624920086058556,0.14279507679917772
0.19444523808452013,0.11741081599457454
0.19624920086058556,0.10240066970790351
0.19471966708396315,0.10167479959096956
0.1958962428343871,0.09138015990335863
0.19542565663100364,0.09890907549579048
0.19703357244509423,0.10567503271713849
0.2007202842552333,0.2586269928313703
0.20487769251072124,0.1064803776643937
0.2033088390997384,0.17932170881481835
0.20644628869045134,0.09068607971855314
0.18266125390865184,0.26590688728879563
0.17423406408751302,0.34104769019651476
0.19132472900917186,0.30537408802632204
0.19912177575553186,0.22525816074049348
0.19443564703352195,0.14484022909944422
0.18990701733288495,0.13484229544503257
0.17545484686610108,0.26231462495827573
0.17986529717972566,0.26077811157206515
0.17053246961203183,0.20803331584887066
0.17313146069593732,0.1730061089652907
0.16604315954575533,0.21975850248226386
0.16521627130988675,0.2505046651725399
0.16466487774579436,0.2204684776331336
0.1753761341027365,0.2578481394942222
0.19093098145573972,0.24444868310206158
0.18935573401075795,0.28932017230143214
0.19699539197771054,0.13353360990574287
0.19805863898760395,0.08140871785905404
0.19656217780063062,0.01777587038185007
0.19691649547773676,0.053105081620650745
0.19813735175096853,0.07062133422345143
0.19636528565025352,0.085218211392452
0.19195479858930709,0.0890012133157429
0.18990701733288495,0.12804454829155607
0.17411599494246605,0.20856844637303368
0.16478305713280678,0.29930221098977955
0.16722454919533936,0.1770911152438023
0.18388199993991816,0.2214115789529456
0.17561249287676134,0.12381648731846626
0.17163503625628573,0.13812725509831036
0.1632078464351469,0.2545684781629658
0.16135706757106721,0.294618494322848
0.15915193428255953,0.264280302428221
0.16348356159085403,0.4176985148803374
0.17155628674559925,0.25327038926771894
0.1733283895936361,0.2181637075538177
0.19471139893655087,0.3054323695685576
0.1957352528174402,0.23620449403673854
0.2006182369425052,0.15284599367380353
0.1987673845837819,0.16826411075612355
0.19203351135267166,0.20725446251172255
0.1957352528174402,0.14906829007253403
0.18439381663839732,0.19885132378575707
0.19148226477786656,0.13741727994744066
0.2024296961722244,0.15557462951483267
0.19711342437543572,0.12833065768071253
0.2066037877118242,0.14300700968003435
0.20250837218826728,0.12226937728821283
0.19321490100225563,0.18889577670751673
0.19880677771278604,0.17817727125819255
0.20380794122486356,0.14404018247421044
0.21046313843993103,0.18376170266876482
0.20561940045458266,0.1432613291370623
0.20538318866984523,0.15143134169408548
0.2085727827102381,0.0759726394650814
0.20309908538672017,0.10250663614833183
0.209793602236148,0.16243595653256615
0.21014799340789797,0.1100673416728922
0.20597382837365447,0.16182664950010334
0.20708139265367753,0.09692220473775956
0.20051494022083494,0.12939032208499568
0.1985371626125031,0.1117734013637881
0.20047536335522165,0.12717562348004388
0.19141696478697068,0.16742697587673985
0.1904281678511094,0.17260873481368452
0.19090268601792876,0.14197913520787966
0.18346613049874294,0.14094066409168218
0.1863141581827053,0.10273976231727414
0.17674151759273438,0.17612682063590462
0.1749219372048903,0.19101510551608306
0.17824455655031585,0.22172947827423056
0.1758316906514905,0.18462003083623418
0.18453408116583075,0.23550511552991166
0.18334743664922482,0.10258611097865306
0.18872706082885243,0.1562210248014454
0.1878173808768958,0.1483901048537928
0.18742175921005017,0.23281886626505388
0.16894884377767244,0.3187788427405041
0.16788078286861896,0.26311996990553094
0.16119574682822385,0.25337635570814726
0.15071316905504356,0.4612189319642469
0.15178122996409693,0.2933680903257938
0.15830814227864815,0.23974907146906577
0.15126702468969871,0.2579647025786933
0.1474299428386222,0.24430562840748338
0.14659934312324857,0.20709021452905865
0.14363247460048084,0.24267904354690872
0.149407940930885,0.30815570708756534
0.150554935087234,0.19962487880088375
0.157121314025433,0.198761252311393
0.16356910935607943,0.30996243489686814
0.1518998870662932,0.2445016663222757
0.15071316905504356,0.44990701444852416
0.1476672937903365,0.24721970551926203
0.15142518516286457,0.2038900280281235
0.1517020027382267,0.25285712015004846
0.1596926343759988,0.2076359416972645
0.155974319869084,0.2563487143621615
0.1608396285323478,0.2946131960008265
0.1505154684635862,0.601280074600374
0.14810241882815178,0.4136770884660828
0.14810241882815178,0.21182161609418299
0.14960564152234235,0.23121347469256487
0.1457686331659095,0.28706838544233043
0.14303926258414335,0.254965852314572
0.14889366216184313,0.2161874334398296
0.15000122644186614,0.24993774471624836
0.14189208469118514,0.23233671896110503
0.14580813653687913,0.220945326615061
0.14731124898910414,0.1535506705026518
0.1478256012527897,0.15599319695452452
0.1450961939237017,0.1558925288361176
0.14121957195433377,0.19958249222471244
0.12784938963157777,0.5787092227891427
0.12666281860961548,0.556758274654417
0.13354566548343355,0.30367332665744756
0.13402025714489663,0.19526435977725856
0.1342972584568679,0.2250621228257011
0.1313699667997134,0.35729234551417566
0.13801553621646084,0.279571259782027
0.13500920107004527,0.17798653166542155
0.12986692784213205,0.2240501433196107
0.1309406478387476,0.1774302078531729
0.1259297462863846,0.3164475810510811
0.12414011496583371,0.41482682434473
0.12819643133896125,0.2072703574777868
0.12688407423436726,0.5123318445048454
0.1284351786889052,0.2641054578015143
0.12744097989673453,0.2973789200960056
0.12958845663728752,0.2373277383052787
0.12334471918477535,0.22606880400977009
0.11932808991922667,0.2623729065005113
0.11920866112327194,0.46972273880861926
0.12417987556805621,0.2770969433980259
0.1225094893068509,0.17519431596013543
0.12258912075326134,0.12775843890239963
0.12258912075326134,0.15743963886637102
0.12521379821512746,0.1795442383397178
0.12970781193859854,0.2037893599097166
0.12513435050532623,0.2951218349148825
0.12624790459880791,0.1634956209368493
0.12509458990310374,0.17446314752118006
0.11356140619874039,0.2629398269568028
0.10847102018925425,0.20670873534351672
0.10767555091355219,0.37005600326376636
0.10274424406027777,0.26576383259421743
0.10210796418275292,0.3031805827094559
0.10524978670476387,0.16447051218878983
0.10723825778374885,0.1390756547401438
0.10556790826986534,0.2211625578179391
0.11153332150682027,0.24287508146170106
0.10401691405729296,0.25375253657166774
0.10560766887208783,0.19174097563301704
0.1118514430719218,0.1891500961645447
0.10890846030834495,0.19312383768060656
0.10775518235996262,0.2716714616480961
0.10851078079147669,0.20668754205543105
0.10477254923612883,0.20320654448736086
0.11026061476248322,0.23897551645393905
0.11380019029600613,0.2044887384165435
0.11582831173524805,0.23347585819570943
0.11129468439884183,0.20745579874853634
0.0891830124113161,0.6880983792432936
0.09113168614075678,0.38937898367586987
0.09025673240793164,0.27505179109775935
0.10707914188021533,0.36436030709074435
0.11467503378686572,0.2883982642697058
0.11137424235060861,0.20457351156888615
0.11093661849490871,0.1726723146779415
0.10648254911026928,0.18393124897345012
0.10349980574446999,0.2854470989037772
0.1009148888848263,0.21007846814913717
0.09586411648827525,0.2646617816137629
0.09069428276898789,0.15238503965794034
0.09459166697519106,0.22320771011820556
0.08993853734818646,0.174844626706722
0.09196676902939394,0.16606000879521457
0.0914896418027244,0.12457944568955012
0.09164864746429241,0.0853824593751159
0.09164864746429241,0.11186877116017357
0.09180772662050407,0.16887871611060778
0.08934216506217141,0.1713689274606732
0.07804761846578645,0.4041718987596628
0.06663382681005597,0.47279576558104053
0.05156128805610066,0.511309268354712
0.043209687475970704,0.45174023386793405
0.05728813767972085,0.6199884496579933
0.06821657070869142,0.5338377335897722
0.07065835674979859,0.2642856007502424
0.06605494624923303,0.24867144575313
0.05660765077403185,0.2603542458103519
0.06353297755188791,0.3310815464742316
0.06589472792604456,0.2865226582741246
0.062211874584697846,0.2637186802939509
0.07454151974245271,0.395381982526134
0.07089861073993764,0.23822315472689798
0.07149906197867612,0.18416437514239242
0.0675761383837995,0.23462029575233523
0.06601485492111409,0.2019826321004138
0.07502177049147801,0.23335399678921687
0.08226738692642371,0.28197669797974984
0.08198718859745302,0.20323833441948935
0.07422123008536313,0.3559730633308431
0.07610258272120718,0.21278591070208067
0.06977763368744583,0.21727358945421987
0.06581469225909398,0.14705492770439602
0.062412037246717955,0.2585528163230705
0.0694573072830344,0.24854958434663743
0.06297261764126844,0.2529259983363269
0.06929738293842058,0.22627014024658393
0.07674316203538639,0.24086171909356308
0.08470931995681824,0.3314100424395594
0.09071386909152446,0.24773364275533938
0.0979595590211138,0.24356386332448515
0.09667862087668638,0.16663222757352747
0.10356392982106721,0.19098331558395457
0.11132992508047895,0.18410079527813542
0.11128994399432551,0.19991628651206164
0.10416438105980563,0.2550718187550003
0.09831986651167873,0.15278241380954652
0.09475725040736704,0.24692829780808417
0.10016123806136934,0.13830209972501709
0.09487712017118372,0.20768362659545722
0.09395648951732116,0.17621159378824727
0.09807968601618333,0.14404548079623183
0.09675865654363697,0.18980708809520025
0.11116981699925599,0.3355374352942423
0.11080947276136927,0.22693243049926087
0.10380407356924076,0.21270643587175941
0.08406888763192633,0.484409687451984
0.08350841747934135,0.35376366304791274
0.08518979118977449,0.24545006596410918
0.08050601429636184,0.2615993514853846
0.0795053112282269,0.2489999417184578
0.07790400993206614,0.22739868283714548
0.07586240222571178,0.2145131636810622
0.07193933164154792,0.30519924339961535
0.06701563148389272,0.32640312812932143
0.06777619080385411,0.4473373282681375
0.062452091827515044,0.2554479996185208
0.060570628949705496,0.21368132712369994
0.05888921849195056,0.25044108530828285
0.0582088050809052,0.2109844812147993
0.06049059328275497,0.155553436226747
0.06349292297109083,0.2442155569331193
0.07153919005411685,0.25012848430901935
0.07125880798853707,0.29032155516347974
0.07005790551106017,0.1978976258219022
0.06353297755188791,0.21496352105288258
0.06229194699897028,0.23627337222301698
0.06382306091043144,0.15110814405077913
0.06329919109039134,0.0770429005134074
0.06108310709997761,0.3059886933808063
0.06289633020114477,0.25079607288371775
0.053548546473465186,0.3644397819210656
0.04194429344867828,0.5609969322715496
0.03835823255303766,0.5479047785566311
0.03424844882664424,0.46351310539951995
0.02743909659649063,0.3946879023413285
0.03525580316003085,0.49307774227902024
0.03489318058819052,0.3006797747153476
0.0342082472565598,0.2879320119318212
0.03259643622635505,0.3630092349752833
0.030702791611358138,0.3774683557717271
0.040775838856379254,0.27009786000773556
0.03440969607484401,0.27683202729695505
0.026754181638520835,0.5030226927132178
0.026995832026889488,0.24276381669925134
0.03332171811735757,0.2670619214894643
0.04021165722428921,0.29049110146816504
0.04033262940776089,0.08803162038582382
0.03847916798918749,0.1744419542330944
0.04101752599206976,0.15045115212012355
0.03916424831010551,0.15998283343665062
0.037915059851741095,0.16364397395344896
0.04101752599206976,0.3304351511876189
0.03795540841111289,0.2888274283534405
0.02433655696151832,0.3952124362214487
0.017285462474691426,0.4456736551534129
0.020428277174391885,0.3656742909520555
0.024256098700366657,0.37604840546998763
0.030138701847572724,0.334832758465394
0.02038792861502009,0.42134376043107147
0.02671381470548817,0.3598408384064767
0.021435594760456644,0.35996799813499064
0.021395154332780275,0.3605031286591536
0.01942095958832718,0.523680850274718
0.008904647773704866,0.9999999999999999
0.004835102364717736,0.7784612613185404
0.0,0.3446770407811846
0.0050364960620192245,0.32188365944505376
0.001087867715520996,0.2933363003936653
0.005520145938313903,0.32188895776707516
0.012933918117963905,0.3313835508294523
0.017325682418436794,0.4099258764749204
0.011765390031021172,0.42076094500871575
0.01398149239509583,0.3091676865936558
0.02711684095768302,0.3513317332400829
0.02514240735563794,0.27033098617667783
0.02917164095257513,0.3675128086934868
0.03356358898965722,0.35712279920949036
0.03283827035133291,0.29638283555597944
0.02719731759249555,0.32050609571948563
0.03388582625480391,0.2675864553695845
0.042629337022274505,0.31652175755938095
0.045006558018922505,0.2989313284482804
0.039768558017636346,0.26025357769194496
0.044764870883232,0.21867234646787365
0.05165473649551999,0.25338165403016866
0.040936939115291726,0.2278437418869444
0.045530427838962606,0.21905912397543698
0.04463776189701435,0.13653775849188562
0.0473966405782118,0.16800449297707418
0.042771585905087006,0.24862905917695866
0.04788346909784502,0.27783341015900265
0.045368078171107884,0.26195963738284084
0.04743720962151454,0.2384986674720116
0.04942516623799387,0.3045475497909812
0.053279482583009685,0.3116367046556356
0.040296653779687164,0.27864405342827925
0.047964533689806854,0.28412251839842323
0.04488121290415281,0.1739757018952098
0.052508560518291614,0.16260550283725145
0.048816520346486814,0.1959902298941925
0.04800521297507515,0.21249450299090278
0.048654317667919444,0.13562114878218068
0.0598924203779701,0.22802918315769394
0.06532892941179391,0.40921060300202927
0.0635438915064721,0.16989599393871962
0.05575415747715673,0.237152893678572
0.05356339239148539,0.19086675249948343
0.051129139551353786,0.18790499048951198
0.04256870394125134,0.29993800963234946
0.04658522296483458,0.19684325973964045
0.049668543750488625,0.13139308780909087
0.04557099688226535,0.23581771652917521
0.04301492667025997,0.1889858481818808
0.04066177516941205,0.14828943673538592
0.04179785537117692,0.15621042815740255
0.040702417707358496,0.19646178055409852
0.039282501191761576,0.1896852266887077
0.04402922624747285,0.18783611230323358
0.04208180192697447,0.1824530171294751
0.04593608152466844,0.20994071177658036
0.054374810004862606,0.20324363274151078
0.056809136339637856,0.23505475815809135
0.052305715301777744,0.16626134503202836
0.05096675313617721,0.35403917579302635
0.05648447375125021,0.3334445980957831
0.06301645719621429,0.298645219059124
0.07709453992674609,0.4866985625652356
0.08646639315022575,0.3385521805244279
0.07827107892984819,0.21011555640328708
0.08293681288824123,0.22071220044611872
0.08460021715829841,0.16879394295826514
0.0819224398163847,0.1693926533466851
0.0767293450423775,0.24134386639751193
0.0803402471275767,0.1497676685793609
0.07486309555580645,0.18535119927518956
0.07027868342062815,0.1518975940319701
0.06845292948271625,0.1992063113611919
0.07064376806303124,0.1771652917521021
0.06618098956311752,0.18484256036113364
0.07214493290719914,0.14174071071691596
0.06561294946223512,0.1948510906595881
0.062975777910946,0.18609296435818776
0.05551074321734012,0.20119318211922285
0.05559191805126751,0.18694599420363572
0.05628166528205819,0.24660510016477782
0.05745824103248215,0.199232802971299
0.05323884004506324,0.16481490312018185
0.0571741474873973,0.19604321311440667
0.053441722008898906,0.15805424422085526
0.05263030439552174,0.21264285600750243
0.05920274664182307,0.1453064814373288
0.05912098385074638,0.12251310010119795
0.06169406807276007,0.16860320336549414
0.06667678442927782,0.2871955451708444
0.06635006399086757,0.1924615474279296
0.06839225965437123,0.15052532862842338
0.07562119280520513,0.22680527077074691
0.07754068916111101,0.19579949030142155
0.08048139359073425,0.1673475010464186
0.08648509753703831,0.28978642463931675
0.08791445811434612,0.16842306041676602
0.08542321017805271,0.1933781571376345
0.08513738950884175,0.19613328458877075
0.08215582205734107,0.17629636694058992
0.08035873103045832,0.17471216865618658
0.07852092397098542,0.15175983765941328
0.080522183117968,0.18416437514239242
0.08260505806673996,0.19318211922284212
0.0808081140291445,0.18438160634527045
0.08015463640500214,0.14485612406550846
0.084443048862822,0.10731221422175596
0.07100605990897507,0.7167570030571317
0.05973367194765494,0.27653002294173434
0.06916817935485853,0.28019646178055413
0.07521274632304004,0.1641314195794192
0.07917458533173694,0.27410868977794733
0.07954191156077178,0.1646029702393252
0.07880678138751823,0.19284302661347152
0.07995054177954602,0.1628969105484293
0.08236002692476274,0.2189637541790515
0.09322411539320508,0.30637547088836964
0.09608298353710798,0.25205177520279326
0.09881937285734405,0.18304642919587366
0.10731450847655066,0.2772558930586683
0.1096015515454224,0.24721440719724064
0.10666095735776471,0.17828323769862087
0.10723278243279583,0.10889111418413788
0.10653855202874157,0.14227584124107895
0.10723278243279583,0.18960045353636504
0.09420420321379219,0.31558395456159033
0.1020458244615346,0.18769305760865534
0.09971795511810727,0.11012562321512778
0.10269933883299875,0.1178399800783092
0.0970632183469824,0.15137835847387132
0.10298519624953162,0.12917838920413904
0.10286268067854298,0.11312447347924912
0.10290358044774223,0.11292843556445675
0.09571528983485478,0.16536063028838768
0.10212769749457679,0.1717398100021723
0.10131073103560295,0.08370818961634852
0.10613003205193278,0.1314354743852622
0.10617096856845387,0.09674206178903141
0.10294429648033232,0.09273123201881964
0.10037135924760593,0.10078468149137168
0.10249506047093349,0.09850110470014148
0.09816582173855809,0.11827974080608672
0.1006163168949395,0.1095640010808577
0.10220920305440068,0.16538712189849475
0.10907069973423417,0.2147092015958546
0.11421675793629615,0.23298841256973918
0.11360414333403124,0.12509868124764886
0.11217470926207979,0.06791918999252936
0.11495185136222785,0.08660637176206296
0.1127873238643447,0.09739375539766557
0.11115357468300613,0.06289108239420577
0.1113168797812285,0.09885609227557635
0.11743777093685553,0.11021569468949186
0.11657520105148789,0.09328755583106832
0.11526052886561844,0.1164624163527411
0.11427463496818191,0.07428777306227119
0.11423362495701711,0.07576070658422479
0.11706809287922343,0.08493740032531696
0.11834157131731893,0.09385977460938122
0.11977942052596996,0.07578189987231043
0.1037172396477512,0.19365896820476955
0.10819482731836327,0.21218190199163925
0.10256708522172464,0.16166240151743944
0.1037172396477512,0.11751148411298143
0.1046210032808928,0.143971304287932
0.10232065768151777,0.2394682604019307
0.10523725586801908,0.13403165217575594
0.10544263664973935,0.09597380509592612
0.11320664755377213,0.0984428231579059
0.11341206508281426,0.12159119206947161
0.11033109612575742,0.11904799749919201
0.10971484353863115,0.15678264693571548
0.11246710770189877,0.13253222704369527
0.11784867948958339,0.09894616374994039
0.11702704612073683,0.1062790414275799
0.12347649508086572,0.23973847482502292
0.12273699197631416,0.09074436126078872
0.11994353406527264,0.1038630065858143
0.12762537795768858,0.13559995549409504
0.12684501183125962,0.12836244761284102
0.125694857405233,0.1382385198607601
0.12273699197631416,0.125877534584797
0.11940966897369415,0.18736985996534897
0.11682159184437291,0.14589989350372737
0.1202312655952189,0.19315562761273505
0.1206420271586594,0.22578269462061368
0.12035444261800049,0.08992841966949067
0.12014906183628021,0.15364074197701588
0.12179225507932967,0.16111137602721218
0.09517271562800211,0.8178436889037242
0.09406353446581844,0.40387519272646355
0.09205066316513688,0.3376090792046159
0.09250258172902948,0.2613715236384637
0.08864124664554368,0.21639406799866484
0.08769632601195004,0.19609619633462083
0.08584775198718037,0.16522287391583088
0.0850673123661077,0.15975500558972974
0.08387592744498534,0.17561288339982728
0.08716224043644061,0.19982091671567614
0.08749090848290797,0.2014739931863579
0.08744986172442137,0.16317242329354295
0.09562456069725106,0.2061312182431824
0.09500841835209023,0.19087205082150482
0.1087700698943248,0.4762767631491107
0.12331212431031019,0.4390666475927074
0.12080628768724944,0.31780395148856355
0.13128162623802875,0.3153031434944553
0.12996695405215936,0.19059123975436978
0.1254483196230607,0.11656838279316942
0.1287345958671941,0.19675318826527638
0.1329247092391127,0.15828207206777614
0.13670409779491266,0.14407727072836032
0.13563592664389373,0.1422546479529933
0.139333111440755,0.1318381468588898
0.1422495993852908,0.05377267019534914
0.1389230480764293,0.15194527893016282
0.1384273267049127,0.12079644376625923
0.14156789981798135,0.29271639671715965
0.15008060065702378,0.21628810155823652
0.14702274576539942,0.15073726150928002
0.14780785229634474,0.14799802902420803
0.14908890068273767,0.1357642034767589
0.16223007369583525,0.22624364863647684
0.15826297982011628,0.16933437180444955
0.15669258302161654,0.1818807983511622
0.1539238560581681,0.18387826575323596
0.152766793135637,0.18429153487090638
0.1477252075695441,0.15278241380954652
0.1554115713825454,0.20206740525275646
0.14975005849714296,0.3149481559190204
0.15012201488872867,0.11621339521773455
0.15528740218207437,0.12507748795956322
0.15528740218207437,0.08185377690885295
0.1575192140262323,0.12338732323473156
0.15747768955256186,0.07842576256099693
0.1596679034284057,0.045152300266505595
0.15574207679510438,0.06002998850264122
0.154337153186815,0.07719125353000705
0.15127915130590336,0.1191433672955775
0.14648546317289057,0.16733690440237578
0.14904755994567642,0.1590715220489671
0.14487376238465133,0.1862042291206375
0.149254190136339,0.1693555650925352
0.1460721660442436,0.12199916286512064
0.1502046596155293,0.153476493994352
0.15371722586750552,0.11649950460689101
0.15549417936202425,0.0917139541907078
0.15776700121734683,0.1100673416728922
0.14999799267754493,0.14495149386189393
0.15165099745552357,0.24890987024409372
0.1618581907988933,0.5000503340592034
0.171610672781911,0.30592511351654933
0.1690898432515427,0.17305379386348343
0.17210657789003675,0.2065762772929813
0.17913171039398917,0.23693566247569398
0.17801584121923197,0.2088174675080402
0.1740900880805744,0.15308971648678865
0.1691311472412821,0.2473362686037332
0.16326307765986076,0.20497088572049232
0.1678914395919504,0.1964882721642056
0.16623843481397177,0.1886149656403817
0.17123860614835984,0.13688744774529907
0.16785009885488916,0.11614451703145615
0.16768480940128783,0.14980475683351083
0.1664038345095385,0.17142191068088736
0.16673437666941937,0.15565940266717532
0.1685940483853824,0.11190056109230206
0.1704535731120581,0.10458887670274825
0.17392483537429482,0.11785057672235205
0.17648685865243713,0.1423606143934216
0.17487526810616338,0.1136543056813907
0.17665225834800397,0.18969582333275053
0.17603225753405077,0.18564260698636742
0.17272635822005894,0.18756589788014136
0.1637590562626301,0.2230911470337344
0.1705956750055833,0.21015794297945842
0.16959813220712583,0.1389484950116298
0.17142693617274984,0.16374994039387727
0.18044535365484737,0.18008466718590224
0.1760399377243137,0.10987130375809981
0.175915254061337,0.08683419960898384
0.17761922737469693,0.12308531887951088
0.17317236046513657,0.14121087851477437
0.16631497948534818,0.14776490285526575
0.16411227152008145,0.18359745468610092
0.16452788373000382,0.14041613021156202
0.16523435099222822,0.1509385977460938
0.15658987425709547,0.19274235849506463
0.1616187452498345,0.14994781152808906
0.16107833913496988,0.15785290798404147
0.16332268181587262,0.5684781629657887
0.1595407209475444,0.14723507065312416
0.1535976868295853,0.16850253524708725
0.15530162339562342,0.18200795807967618
0.15451196019677088,0.10181785428554777
0.15488601118570106,0.10960638765702901
0.15513530501701078,0.16668521079374163
0.1612862554818965,0.18920837770678026
0.1616187452498345,0.11862943005950016
0.1672707773262042,0.12159649039149303
0.163031753268927,0.11774461028192373
0.1612862554818965,0.11778169853607362
0.16835140581932417,0.14726156226323125
0.16652278559030953,0.1203831746485888
0.16781114669374703,0.20611002495509673
0.1676448283151344,0.08154117590958943
0.1700968668590328,0.10414911597497073
0.17005534238536235,0.08651100196567746
0.1615771472815205,0.12612125739778213
0.1582939210650991,0.09042646193950377
0.16328112059488026,0.11168332988942403
0.16436171234067865,0.11131774566994634
0.16664746925328616,0.14190495869957984
0.1712606177941372,0.18732747338917766
0.1728399074445205,0.13129241969068398
0.17720361516477462,0.13521317798653168
0.18198311883156004,0.1761533122460117
0.18069461073883525,0.29870350060135953
0.19465885026633084,0.23792644869369872
0.18813392230715859,0.15305262823263874
0.1866378285934035,0.11774461028192373
0.1845181695754775,0.16712497152151914
0.18364553092392788,0.10758242864484818
0.1813597740113202,0.10394248141613552
0.18298047789340832,0.12784321205474228
0.18007126591859535,0.146238986113098
0.17982189859264192,0.09312330784840442
0.1771620906911041,0.15286718696188917
0.18040386592849866,0.1680468795532455
0.18198311883156004,0.15597730198846027
0.18530786952165185,0.09597910341794755
0.18414415533386919,0.10076878652530744
0.16569156117046469,0.20022888751132517
0.168102001746049,0.21067717853755716
0.16772795075711888,0.15548985636249
0.17096972599451343,0.1249026433328565
0.17167619325673783,0.10948982457255788
0.171883999361699,0.12004408203921818
0.1787413068468437,0.16990129226074102
0.18490548634758908,0.17144840229099445
0.18590850449699947,0.1214534356969148
0.18377708633608714,0.22932727205294084
0.18498908650475743,0.11219196880347995
0.18753824822025833,0.14673702838311106
0.18331745083460982,0.1143907724423675
0.1781771619620755,0.11955663641324793
0.17880403452521137,0.09914220166473278
0.18185468694175644,0.1326381934841236
0.18147857810280377,0.09698578460201654
0.18306676060507038,0.15245391784421874
0.188959083418901,0.09106226058207367
0.1816876336167073,0.12543247553499806
0.185323376891465,0.114486142238753
0.18829050264548564,0.18386766910919314
0.19017101009292747,0.13628343903485768
0.1756279267519309,0.19820492849914434
0.17257734783002932,0.16200149412681006
0.17161618488018582,0.1288922798149826
0.17458316364491916,0.7125978202703204
0.17429076520510012,0.1237635040982521
0.17144898456584923,0.13283423139891598
0.17738312583192495,0.15378909499361554
0.1737057110942094,0.09213252163039967
0.1779682901847811,0.14905239510646978
0.1826904312821867,0.06043266097626882
0.1752101097026985,0.10607770519076609
0.17316243868824188,0.12282570110046148
0.1756279267519309,0.11323573824169886
0.17625476256774486,0.14841129814187848
0.17663094490134135,0.08958932706012007
0.1792219618164091,0.09665199031466734
0.17771745296595443,0.07889731322090293
0.18055930709984902,0.07633292536253769
0.17855327080102823,0.09353657696607484
0.17938912538342394,0.08920254955255671
0.17349672907494956,0.1868400277632074
0.1663923693451269,0.32391821510127744
0.16100142699037506,0.2594376361006469
0.1560283751794992,0.24768595785714664
0.16146102574453058,0.17258754152559885
0.15920440945813596,0.1376292128282973
0.14658372551146992,0.3061264497533631
0.15452382958172273,0.20160115291487188
0.15310299438308,0.1907660843810765
0.14900750536487933,0.19676378490931923
0.15047034275237625,0.20159055627082903
0.151389613755331,0.21639406799866484
0.15109706832622471,0.1842014633965423
0.1514731036705338,0.09947069763006056
0.15352092167427783,0.13862529736832346
0.15648793718633291,0.12704316542950847
0.15197463111889992,0.15063659339087312
0.15565215609858096,0.14172481575085172
0.1604999362893308,0.1337190511764924
0.16100142699037506,0.1052405703113824
0.16518040592377853,0.11918575387174882
0.1540223388806784,0.1377987591329826
0.15703128308694408,0.13656954842401411
0.15874470046201483,0.08522350971447343
0.16668480453226775,0.12332374337047458
0.16179538962588197,0.11539745362643652
0.15983124527394987,0.11140781714431042
0.16267291567123526,0.09575657389304809
0.15974757162213804,0.11119058594143236
0.164056084865,0.1338144209728779
0.16393000480379366,0.10208277038661856
0.16544322276952256,0.11012032489310636
0.16615781118987188,0.0891018814341498
0.16039917513286683,0.10240066970790351
0.16422420386238235,0.19671080168910507
0.16624185231490213,0.1566660838512443
0.17347159390681627,0.1357536068327161
0.17721261825862344,0.167008408437048
0.17880998759134803,0.08772961603060311
0.17956650470590796,0.0763011354304092
0.18881393149766373,0.19107338705831864
0.19949053513011805,0.40287910818643735
0.1937317888311476,0.15911920694715984
0.19780908792504137,0.18559492208817469
0.20621573599327597,0.17446314752118006
0.2080653756903788,0.12377939906431634
0.20764491283397468,0.08644742210142048
0.20953640773064436,0.11216547719337286
0.2080232265122372,0.12243892359289812
0.21310934983239088,0.10348682572229376
0.21029318207645703,0.06976830437800349
0.21029318207645703,0.08748589321761799
0.2073086013445662,0.13543570751143114
0.20575341793730484,0.11221316209156562
0.2010457185373794,0.13582778334101592
0.20209654495249357,0.11367549896947637
0.20180230914658304,0.08128155813054005
0.20150807334067244,0.05700464662841278
0.19625379427581457,0.11159325841505996
0.1980192458585998,0.11662666433540497
0.20070940704797097,0.10044029055997966
0.19478261524626178,0.07490767673877682
0.19398387545891665,0.08713620396420454
0.18759498608516717,0.17533737065471366
0.18679624629782215,0.1846995056665554
0.19364774770611737,0.18090060877720027
0.19776704898886527,0.22871266669845658
0.1986077542177428,0.12678884597248052
0.1973888455525682,0.17750438436147273
0.18633389149452922,0.30842592151065756
0.212394871654007,0.29791405062016857
0.21495873229824092,0.3429762794123101
0.21197444554492467,0.14810399546463635
0.20953640773064436,0.12267204976184043
0.21462260454544163,0.11238800671827234
0.22046520823283322,0.11857114851726458
0.21537912166000145,0.06728868967198087
0.21600970570264239,0.053878636635777445
0.21479068679550217,0.05652779764648536
0.2179852784716642,0.13564234207026635
0.21491673010938667,0.08842899453743
0.21336143646015987,0.06220759885344312
0.2124368738428613,0.107185054493242
0.21138597393310354,0.12757829595367148
0.20915820429434717,0.1357589051547375
0.21281507727915838,0.09384387964331697
0.20886396848843658,0.07753034613937765
0.21046119083187392,0.10138339187979167
0.2151269982849106,0.13077848245460663
0.21823751208872055,0.09540158631761322
0.21987666312636844,0.033739714632375926
0.21529508053497115,0.14479784252327288
0.22218862087944247,0.1779600400553145
0.24249952710790224,0.3465526467767658
0.25754759214551715,0.46014337259389954
0.24960087355733462,0.21869883807798068
0.2726804332545991,0.44646310513460385
0.26393041821116425,0.22714966170213896
0.2636768984378437,0.16699781179300516
0.26583271682045273,0.2135064824969932
0.26858024057920393,0.1569627898844436
0.26832661056391793,0.2255866567058213
0.27530114200570743,0.2473309702817118
0.27365262040099225,0.26651089599923705
0.2688337603525244,0.2068676850041592
0.27487847430999324,0.42927534849713095
0.2827829334780688,0.27355236596569865
0.2860377540147139,0.20516692363528471
0.2921246538976461,0.32634484658708585
0.28810901680978673,0.18423325332867083
0.29123705908611053,0.11121177922951803
0.2919978388900031,0.086887182829198
0.29905703616129387,0.3606885699299032
0.2939846195921837,0.10340735089197253
0.2896731665635752,0.08839190628328009
0.2967743660237203,0.1924350558178225
0.29998696388758006,0.21128118724799858
0.29685899510589986,0.19703929765443284
0.30417174889783294,0.24982647995379864
0.31224542948294587,0.25465325131530847
0.3188394791544845,0.3033183390820127
0.3133442846476947,0.46877963748880724
0.3160921023850205,0.1291307043059463
0.31955796279094806,0.1379047255734109
0.31592295446262697,0.27166086500405323
0.31655702950084186,0.14362161503451856
0.3164301042512333,0.17039933453075412
0.319896368877701,0.20801742088280642
0.32293970857720156,0.13836038126725267
0.32036129599352214,0.2921176863287397
0.3196425918731277,0.2417677321592252
0.28755946061178583,0.6962366018681884
0.29022253902496675,0.2743100260147611
0.29791573783982883,0.2695892210936796
0.2949991396533277,0.2499536396823126
0.28713686641071545,0.26671223223605084
0.2824025619497835,0.26129204880814244
0.26963694656581116,0.39817949655344154
0.2475719436770124,0.32205320574973906
0.2772033671203522,0.7983670571529996
0.2679461287936672,0.23243738707951195
0.25061528337651295,0.29983734151394253
0.2608446353549474,0.44982753961820293
0.2665934598770232,0.185229337868697
0.2651562353728434,0.2337672659068873
0.2858264569141785,0.21808423272349647
0.2887853880154305,0.14773841124515866
0.2903915399580731,0.15523023858344062
0.2733143613035268,0.14549192270807837
0.2829098219803555,0.17138482242673747
0.28755946061178583,0.15470570470332046
0.2933506180486125,0.09799246578608556
0.30949783222955085,0.2526186956590848
0.29114045037701375,0.5431415870593783
0.27631011322125465,0.24403541398439116
0.26849134880769177,0.2770121702456832
0.2688737414386778,0.3315160088799877
0.27660758279148645,0.2599939599128956
0.2807294563867626,0.12479137857040676
0.2799646711247906,0.14167183253063756
0.2849364367794023,0.1464138307398047
0.30618322380028495,0.3129241969068396
0.3035487715508114,0.13845045274161674
0.3042711136560673,0.1856690985964745
0.2957722298100338,0.17455321899554413
0.30184887719017484,0.14384414455941805
0.3056732812152192,0.4055653574512952
0.3049084224586035,0.18481077042900515
0.3082654740445856,0.21057651041915026
0.3116222316519933,0.14832652498953583
0.29594218617350776,0.16148755689073271
0.28349160557960307,0.1742777062504305
0.2879958718058654,0.2229533906611776
0.2807720465327662,0.1807522557606006
0.27847736002095336,0.16474602493390345
0.29407255593332826,0.19573591043716457
0.28842100157214223,0.24179422376933224
0.2938600094238506,0.2028780485220331
0.28757110951280673,0.2687308929262103
0.28842100157214223,0.22170828498614487
0.2764376999226561,0.13002082240554416
0.2753328549444486,0.12404431516538714
0.27575761723750725,0.2537313432835821
0.2803471005030984,0.14455411971028775
0.29403011277661195,0.15562761273504683
0.29360516674694426,0.1251092778916917
0.30533355222488034,0.13899617990982258
0.3079253408337067,0.13774577591276843
0.31332238324388273,0.2529312966583483
0.3092003259119973,0.13292430287328003
0.29929927450681193,0.1897223149428576
0.3008715454187252,0.1526393591149683
0.2872735297006095,0.19945003417417703
0.3009989483835175,0.2150165042730967
0.28451149074973436,0.40491366384266103
0.2973445374692689,0.15712173954508607
0.29067313468527334,0.16793561479079577
0.2868485836709417,0.13500654342769647
0.28064453332600836,0.14964580717286835
0.2825992336162295,0.24493083040601044
0.2927976810970031,0.10977063563969292
0.29606973612758747,0.1267146694641807
0.3053758116449874,0.148723899141142
0.3173167068850793,0.12854788888359056
0.32309592144231036,0.12753061105547875
0.3277700337900812,0.12818230466411287
0.32075875502645945,0.11939768675260545
0.31897401109971224,0.11896322434684936
0.3235207572300126,0.08397840403944071
0.32832241953186303,0.11001965677469946
0.3338891243269384,0.11115879600930387
0.3393283894098995,0.1063797095459868
0.33014982709925744,0.09499891384398562
0.3358864515104849,0.14778079782133
0.3417929955378646,0.15348709063839483
0.3392432826125361,0.08127625980851863
0.33495148940110775,0.18149402084359884
0.34699568136286996,0.17270940293209142
0.33255978995965796,0.198289701651487
0.3503273405494661,0.20336019582598192
0.3334141284449351,0.3073344671742459
0.33119286308214313,0.21503239923916095
0.33085122323106886,0.1651751890176381
0.33016801702356435,0.15832445864394748
0.3400768956083,0.21928695182235786
0.3468678006828938,0.13434425317501947
0.34682487981099386,0.12164947361170719
0.3390518658131121,0.12406021013145138
0.34187060588157425,0.11479344491599511
0.35075434442915654,0.3841124515865825
0.34874698522674985,0.1354569007995168
0.3327735858780777,0.19152374443013898
0.3351223277003057,0.16434865078229724
0.3340120441184672,0.13831799469108133
0.3376422385476283,0.12717562348004388
0.3260250504655563,0.1549176375841771
0.3261531883767853,0.1058127890896953
0.3199602357230453,0.1281876029861343
0.32380418932330446,0.13770868765861852
0.32794697214470325,0.15701047478263636
0.3338838327125945,0.10084826135562869
0.3260250504655563,0.03417417703813203
0.3303815924580532,0.11778699685809504
0.3338409485880163,0.1414546013277595
0.3423405306331646,0.1967584865872978
0.3383257019863858,0.12816640969804863
0.3237614889353354,0.17633345519473984
0.3219249680321268,0.11383444863011885
0.32051552450325205,0.16881513624635078
0.31603091809416994,0.24135446304155472
0.3133400954530058,0.23533556922522636
0.3261103777468508,0.24137035800761897
0.32252295720030244,0.29247267390417453
0.3267939146802519,0.22903056601974153
0.3414861554005656,0.27129528078457554
0.330979544878907,0.18314179899225916
0.34656867748317965,0.1693237751604067
0.3537439595441384,0.24966753029315614
0.3573316740692616,0.12481257185849243
0.3571608725173854,0.11370199057958344
0.36301200158344205,0.19765390300891708
0.3565201462139188,0.11426361271385352
0.3632257975018619,0.09786530605757157
0.3625423708104264,0.05685099528979173
0.3596808568593516,0.12150112059510754
0.3629693746901167,0.08066165445403442
0.3633965990537381,0.06577336957385596
0.3581857553232859,0.0678344168401867
0.3585275789109692,0.08703023752377623
0.35763065027968843,0.10962758094511468
0.3642933806957316,0.13978562989101354
0.3591255313318231,0.18665988481447926
0.3602786622909181,0.15704226471476485
0.36117551742755516,0.11217077551539428
0.36711226775348094,0.13823322153873868
0.37014465675107555,0.1269107073789731
0.36484863272861634,0.0916450760044294
0.36450710311950774,0.07135250266240681
0.3640371048732737,0.11343177615649125
0.37535527999759677,0.13108048680982734
0.368778097346779,0.17717588839614495
0.3669843135788612,0.10344973746814384
0.36569587898077993,0.1301638771001224
0.369560447828587,0.156623697275073
0.37235133342710025,0.290337450129544
0.38480331041923455,0.2644922353090776
0.38686454119544733,0.17266701635592008
0.38879671537738536,0.2532544943016547
0.3924892332643739,0.18778312908301942
0.39394927785541156,0.15588193219207477
0.39691192043616863,0.18420676171856373
0.3953661810906183,0.141078420464239
0.3987154054970502,0.10167479959096956
0.3957097685497495,0.10701020986653528
0.42572336414014433,0.5157015773104657
0.4218590157762684,0.29947705561648624
0.42705435213690723,0.30892926210269206
0.4312622144652709,0.6666083851244311
0.42349052337097515,0.2273086113627814
0.42366228035321896,0.2728582857808932
0.42181602140972463,0.15001139139234604
0.42615264635378836,0.11799363141693026
0.42198777839196844,0.15896555560853878
0.42829964537915743,0.1330090760256227
0.4233616137659877,0.16780315674026036
0.4229753259188874,0.1428904465955632
0.42890075806968886,0.1330408659577512
0.4260240307273756,0.11383974695214027
0.4294159555217766,0.13665432157635676
0.42009837809264317,0.15326456111349537
0.38604845667219745,0.3891617524729918
0.3758721678264887,0.31607669850958203
0.3782768390725454,0.2526928721673846
0.3763017440187073,0.2146721133417047
0.38042369110862717,0.32138561717504066
0.3664259012762988,0.3186516830119901
0.3605433899973973,0.38715898674889665
0.36131633316481626,0.25858460625519897
0.35324412247257664,0.3073821520724387
0.34079199849115493,0.31237846973863376
0.32589253962302944,0.3893471937437414
0.34177969300736133,0.4435808179549537
0.335725461493538,0.26481543295238397
0.3297140038623273,0.24532290623559522
0.35092529297032005,0.22618006877221986
0.35066784123356354,0.19547099433609377
0.3547899353127707,0.15341821245211643
0.36071529396892843,0.2741987612523114
0.3607581413461849,0.2315631639459783
0.36762827364664896,0.19153434107418182
0.3792214657275643,0.2709773814632906
0.37716045543528254,0.10258081265663166
0.3679717141164929,0.16642559301469226
0.35732314869059645,0.1256709000259618
0.3608439095953413,0.1090924504209517
0.36071529396892843,0.1784686789693704
0.3730382143667881,0.14673173006108967
0.37299558747346273,0.13564234207026635
0.369646289572387,0.19791352078796645
0.33065870401198993,0.35242848589851594
0.34156508864786117,0.21795177467296106
0.3391603806544826,0.049941983373865496
0.335811303237338,0.22266728127202118
0.35564857323470234,0.2247283285383519
0.3753999647409447,0.19562994399673625
0.37237845295061245,0.12208393601746328
0.386623037796366,0.2939773973582566
0.4010832559266311,0.23415404341445067
0.38338574573223494,0.1970604909425185
0.37755806145750714,0.24333073715554282
0.35929941965873313,0.2448354606096249
0.36184608255634954,0.20621599139552504
0.3609827409772234,0.1413168449552027
0.35882464426066085,0.23089027704925852
0.3523499131431115,0.24765946624703955
0.33823471561752905,0.20344496897832456
0.3254147876918888,0.18865735221655303
0.3261918833066747,0.1130820869030778
0.3137170862276826,0.15529381844769763
0.304177444732717,0.28053025606790327
0.29494004995982137,0.36676574528846717
0.27624970062416254,0.09536979638548473
0.3099617304203609,0.162854523972258
0.3147961345859638,0.13556286723994512
0.3132422373349666,0.1114449053984603
0.31950107793675175,0.09994224828996656
0.3175586879993444,0.1557865623956893
0.29554443316199586,0.2658962906447528
0.317601939597141,0.26406307122534295
0.32131404380666606,0.1784580823253276
0.37354385751519936,0.524152400934624
0.3718603892074218,0.1917250806669528
0.3904216084541624,0.30616883632953446
0.3841625106211244,0.1684442537048517
0.38709788668908196,0.1505306269504448
0.38101142777401165,0.21294486036272314
0.37880996921768717,0.17946476350939658
0.3903351052585693,0.1806409909981509
0.4063061527786441,0.22983591096699674
0.3919755057051595,0.2854153089716487
0.38899698828137097,0.2221056591377511
0.41493934808597444,0.453345625440423
0.41757244068454014,0.3764298846555296
0.4130399525151107,0.16254192297299447
0.41420550406898504,0.1468112048914109
0.41701138257480586,0.1825907735020319
0.40945730912040046,0.3588341572224077
0.4120473338577788,0.18053502455772258
0.4183493525627169,0.24759588638278257
0.41908312308506257,0.14258314391832108
0.4166659577495829,0.09079204615898145
0.4202483806603622,0.1266457912779023
0.4208961624496206,0.12293696586291122
0.4322483655939603,0.17901970445959764
0.4439031461862665,0.16508511754327404
0.4518022769926764,0.17065365398778207
0.4550397895407384,0.18499091337773327
0.45767273515001683,0.13801599033586065
0.46237793573205765,0.17080200700438172
0.46091017420343516,0.12703256878546565
0.45737067216455596,0.12666698456598796
0.4568958967664837,0.19495705710001643
0.4546943647155155,0.21925516189022937
0.45728438945289396,0.15731777745987846
0.45637305587145494,0.09950248756218907
0.4504720239423501,0.1581390173731979
0.4493439546567446,0.12981418784670895
0.4490402012944795,0.1947133342870313
0.4464803093610036,0.11279597751392134
0.44270540397846714,0.1272550983103651
0.438496806703667,0.18414318185430675
0.43571973809816256,0.11754857236713134
0.4413603785047643,0.17937999035705393
0.4380191650144918,0.21497941601894682
0.44669733904374465,0.16896878758497186
0.4394947169753426,0.16404134810505513
0.4387570512368827,0.48036706774964366
0.4441373001209814,0.1804449530833585
0.42031651019503913,0.2682010607240687
0.42140121764088256,0.1661765718796857
0.42838673653189985,0.14044262182166908
0.41975229181562734,0.15315859467306706
0.42357055903792573,0.13093213379322768
0.4249156580062722,0.10396367470422119
0.4301224595313228,0.11687568547041152
0.43962472899998506,0.11463449525535263
0.4483026825453069,0.15793768113638412
0.46444372317617755,0.14337259389951204
0.45949701919505537,0.08444995469934671
0.45875972092981376,0.10613068841098025
0.4552015512514438,0.11246218322657214
0.4548978713838223,0.08203921817960252
0.45476778586453637,0.10145227006607008
0.4434862845674018,0.12498741648519915
0.4446146478315819,0.1528830819279534
0.4460028881557594,0.09072846629472447
0.458282226229926,0.1285213972734835
0.4501684175693723,0.1264497533631099
0.4516870373914105,0.08982775155108377
0.4573277512926559,0.2527935402857915
0.48934929404260685,0.42485124960924875
0.4939484418538399,0.22802388483567254
0.4896529004155846,0.13875775541885885
0.4901300276422541,0.11619220192964888
0.4842727250261296,0.08127096148649723
0.49177902696215314,0.08308298761782143
0.4882645865967634,0.06201156093865073
0.4909980728785748,0.09420946386279466
0.4837085801413614,0.10253842608046032
0.48600822754162165,0.08727925865878278
0.500370256827951,0.1093308749119154
0.4915187089342936,0.10808576923688268
0.4810619645283615,0.20564377261721214
0.4846632020679188,0.08734283852303976
0.48488023175065986,0.0780124934433265
0.4861380925769767,0.10562734781894575
0.4682184815694267,0.15807543750894093
0.479933674758825,0.10038200901774408
0.47680971143522455,0.18137215943710627
0.48488023175065986,0.23658597322228053
0.4804976726543059,0.20823995040770588
0.4810185291939557,0.12712793858185115
0.4823201193332529,0.09819910034492077
0.4798034422502516,0.07042529630865904
0.47194987812291367,0.15405401109468633
0.4698671134161073,0.06092540492426048
0.45962739869291613,0.16707198830130499
0.4561128848328828,0.12984597777883744
0.4620447110176831,0.0791834226100594
0.45026822329546856,0.18808513343824013
0.4483489106761719,0.11245688490455075
0.4661011008854543,0.13892200340152275
0.4751296973756992,0.12727629159845077
0.4672351232371965,0.08531887951085892
0.47290530849055135,0.08239950407705879
0.4747370889892438,0.08036494842083514
0.46871802466241386,0.070144485241524
0.46967749723545305,0.08335320204091365
0.45188194518640856,0.1882864696750539
0.4511840400501711,0.15437191041597126
0.44137052076559,0.200175904291111
0.44485967897355905,0.18363984126227226
0.44656063900652876,0.16488378130646025
0.4531031321855369,0.1451369351326435
0.45938398443309947,0.27653002294173434
0.4523182093912007,0.09942301273186782
0.4484362223128452,0.10175957274331221
0.4461246687803113,0.09309681623829735
0.4469097385639349,0.13566353535835202
0.46043091563209937,0.2168762153026137
0.4708551754055319,0.1348846820212039
0.46967749723545305,0.08486322381701716
0.4721638945252645,0.026825404394428286
0.46444379667082125,0.10276095560535978
0.46252433706223717,0.08131334806266854
0.4625680663752175,0.07372615092800111
0.46243724590949487,0.054948897684103444
0.47194568892822486,0.08874689385871495
0.481977560799133,0.07260820498148238
0.47604558762504534,0.07038290973248773
0.48677536463219095,0.1214534356969148
0.4405417216689862,0.532995300388367
0.4828499422194298,0.3608422212685243
0.4874295404554482,0.21546156332289562
0.47992757470340086,0.16377643200398434
0.4783572881468665,0.10241656467396776
0.48337322408232064,0.13155733579175477
0.47831377931781716,0.06768076550156565
0.4827625570881128,0.050959261201977336
0.4970251481215642,0.14411965730453166
0.5048762869256612,0.1143907724423675
0.5077113428050167,0.20358272535088137
0.4861647711326269,0.19932287444566307
0.47966593377195543,0.08815878011433778
0.450529864226914,0.17936939371301108
0.45702877508222906,0.07360958784352994
0.4508788167950327,0.07875955684834612
0.46300425708536597,0.091639777682408
0.4556330383043977,0.08794684723348115
0.44542669014943026,0.11634055494624854
0.4589915230359314,0.08511754327404511
0.4368343578639774,0.1296923264402164
0.43138223121837493,0.1169657569447756
0.4479565227736474,0.07976623803241514
0.4589041379046144,0.10406434282262808
0.4536702168560517,0.08985954148321226
0.45790108300788224,0.05606154530860077
0.4471713794953802,0.17758385919179395
0.42060879839289267,0.15492293590619852
0.41681412295121045,0.1394359406376001
0.4096610362726383,0.17637584177091115
0.4137173526457658,0.27419346293028996
0.4325882048262646,0.19757442817859586
0.43359735977842095,0.12298465076110396
0.4220556139480707,0.10683536523982856
0.4253470715645824,0.17083909525853164
0.4518977465347964,0.1662030634897928
0.4451833493842573,0.07362548280959419
0.45185379673788506,0.13943064231557867
0.45821710997563925,0.12401782355528004
0.45703222933048127,0.10341794753601535
0.4588316721859613,0.08962111699224856
0.475244716493034,0.1321401512141105
0.46427336259216345,0.10525116695542522
0.45527695675584356,0.13085795728492788
0.4595336195276003,0.050016159882165324
0.4561985060927519,0.09523733833494932
0.4529948010807755,0.15653362580070893
0.4515466626220115,0.07686805588670068
0.44728985286096734,0.16280683907406526
0.4407946902324792,0.21240972983856013
0.4413652291512462,0.1878467089472764
0.4368010647903974,0.13492706859737522
0.43368518587759997,0.1393776590953645
0.40722233700656496,0.28322710197680395
0.3899753489778319,0.25251802754067787
0.3972164087448704,0.13838157455533834
0.4088460541690434,0.15216780845506228
0.40704668480820705,0.13688744774529907
0.3875616378906045,0.18447167781963453
0.395285630961162,0.15982918209802957
0.40643234308181597,0.14398190093197485
0.4310960430759456,0.22140098230890276
0.4230211865765341,0.08865152406232946
0.43877593936030446,0.1681793376037809
0.4395220569827858,0.16306645685311463
0.44114570065062053,0.2993498958879723
0.43157875589553363,0.2389914114200033
0.4560227803997502,0.13130831465674822
0.472260613476327,0.18440809795537755
0.4690131056567265,0.13164740726611882
0.4705929465169373,0.06586344104822003
0.47910671302831276,0.06370702398550379
0.47217293436643526,0.0804921081493491
0.4697152734822966,0.07662963139573697
0.45988492392431635,0.11791945490863046
0.44895737283106973,0.17185107476462205
0.47998438606295346,0.15271353562326812
0.49797749171416794,0.15986097203015806
0.502980272108406,0.23023328511860297
0.49670456448589995,0.11602795394698501
0.49964515867355763,0.10395837638219976
0.4956515332314758,0.04110438224214392
0.4987233888527183,0.03105346536751811
0.49288644425288886,0.0587848828276085
0.49319379885269343,0.08515463152819502
0.4898148091155774,0.07873306523823906
0.49639757735931356,0.07917282596601657
0.49630967776549084,0.11995930888687553
0.5003471795098403,0.15513486878705515
0.48683055910958295,0.11916456058366315
0.4871815695277243,0.05501777587038185
0.49494921841661854,0.06723570645176671
0.5123279088467982,0.10543130990415336
0.5043846812541898,0.12083883034243056
0.5046935792415114,0.07669321125999395
0.49939843715477616,0.01640360497830337
0.48620497270271135,0.07596204282103858
0.4641419541692914,0.17249217172921336
0.47940943746556663,0.15667138217326573
0.4751293299024809,0.10499154917637585
0.48179235429709855,0.07724423675022121
0.4789681021303617,0.07485999184058409
0.481130388041613,0.0606975770773396
0.49260304890691875,0.07151675064507071
0.49600077977816925,0.14367459825473272
0.5039874427051835,0.11531268047409385
0.5174900256285009,0.15680913854582254
0.5055761764172776,0.15102866922045788
0.50923848800572,0.16530764706817352
0.5059290976961542,0.09606917489231162
0.5188578344417397,0.2900354457743233
0.514533703587099,0.0647507934237227
0.5166074284527347,0.0
0.5206669785901835,0.02679361446229979
0.5233146231281948,0.036929304489268254
0.5177547533349802,0.043817123117108815
0.5205787850177862,0.04889291561362517
0.5271094455591643,0.09424655211694458
0.5214171384180664,0.08891644016340025
0.514577726878654,0.13121294486036272
0.5085765952448782,0.1817536386226482
0.5171812746304666,0.11399339829076133
0.5131217244930179,0.1401459157884698
0.5080029695510773,0.12071167061391658
0.5166515252389333,0.07254462511722537
0.5206228083093412,0.11337879293627709
0.5206228083093412,0.14754237333036627
0.5343018518720969,0.13571122025654475
0.540567711212352,0.17710171188784513
0.5279478724540881,0.14702313777226753
0.5211964340031421,0.12333963833653883
0.5488192488351329,0.2270066070075607
0.5421562979351587,0.10956929940287913
0.5103415691124796,0.18638967039138704
0.5155042738513316,0.13767689772649003
0.5249471596479128,0.08502747179968104
0.5306394667890107,0.12336612994664589
0.514533703587099,0.1582979670338404
0.5183724758149798,0.09680564165328842
0.5313896266168936,0.06315070017325514
0.5395528236779898,0.07775287566427713
0.5440538561399308,0.1200811702933681
0.5339930273794189,0.08241010072110164
0.5376996562379911,0.059171660335171856
0.5316542808287292,0.04533774153725515
0.538537862648984,0.10311594318079464
0.5375671453954641,0.0633414397660261
0.5347431872073019,0.07782175385055554
0.526359359225925,0.1323732773830528
0.5325367310152082,0.1134476711225555
0.5320956161639342,0.0807941125045698
0.5246824319414336,0.1178717700104377
0.5029727021601086,0.3242096228124553
0.47689445075936965,0.3690652170457616
0.4542137832405938,0.22546479529932872
0.4313106474354458,0.3840594683663684
0.43215392497685146,0.33802234832228634
0.43450648852055007,0.33902902950635533
0.4211907289814276,0.264280302428221
0.44262911653834347,0.198634092582879
0.4106270498689636,0.22443162250515264
0.4156425448365557,0.21073016175777132
0.32576204988320323,0.46276604199450033
0.37449723003281443,0.39336332183597456
0.35115062754779514,0.3395588617084969
0.30893989764217245,0.43124102596707625
0.36131493676658666,0.3825600432343077
0.278091954109577,0.3410370935524719
0.29376005670846694,0.3897286729292833
0.23361762592641144,0.5406354807432486
0.26277886738690803,0.4158282072067776
0.24586808060561793,0.3180105860473988
0.22900161109445738,0.28319531204467546
0.2948252145790957,0.33659709969852547
0.312757025697494,0.3315266055240305
0.3552783072199208,0.286247145529011
0.3400097949986344,0.2276371073281092
0.3451142184850604,0.1400452476700629
0.3488424547688699,0.18973820990892185
0.3286471188675725,0.23628396886705982
0.3522156384291365,0.28308934560424714
0.33787918527880234,0.1813085795728493
0.3790689643419607,0.22252422657744292
0.3697923969239919,0.21527082373012468
0.38692532126575785,0.15680913854582254
0.3829749106741508,0.20503976390677073
0.3748524296456447,0.09849580637812005
0.38404014203942305,0.08317835741420693
0.3737871247857286,0.14787616761771546
0.36193604000019475,0.23043991967743815
0.3881235779360628,0.23394211053359404
0.37356517096186204,0.19196880347993792
0.36380037862603054,0.17925283062853994
0.3757400979518237,0.17508834951970711
0.398776112072717,0.2949734818982828
0.4156425448365557,0.21904322900937273
0.4283813714229123,0.21022682116573682
0.43903375857027926,0.13282893307689456
0.44653498937588987,0.11193235102443058
0.43206521694194855,0.16377113368196292
0.41808374292051365,0.12837834257890526
0.4100055791621372,0.09272593369679824
0.41692980352033826,0.08495859361340263
0.40769762686714295,0.07572361833007488
0.41621977176789615,0.09248221088381312
0.42527423837271094,0.08706732577792614
0.41901609597004064,0.11610742877730623
0.406321733643101,0.10689364678206412
0.4007735494982291,0.15013855112086003
0.39944190004967317,0.17295842406709797
0.39411566972866785,0.23639523362950954
0.42909140317535444,0.25204117855875047
0.42971287388218093,0.13088974721705637
0.459761673406891,0.1922390179030301
0.44893179669507444,0.08536126608703024
0.45590041181804897,0.05870010967526585
0.4769390620080739,0.18462003083623418
0.4944271124680264,0.13290310958519438
0.48389312519160277,0.18012705376207355
0.4809919241329492,0.1595324760648303
0.47938496374922634,0.11994341392081129
0.48581251130554326,0.1236628359798452
0.5175475719344902,0.17123646941013781
0.510316727922921,0.12012885519156083
0.5478097999044018,0.2618748642304982
0.5336606846007683,0.14679530992534665
0.5180384426595249,0.1538473765358511
0.5058532512238925,0.14068104631263278
0.4516669733536901,0.29504765840658265
0.4645662387471662,0.1434255771197262
0.4723774699597534,0.12093949846083746
0.48594641854629983,0.15301553997848882
0.4868389374989607,0.14823645351517176
0.48541071608862973,0.10855202157476729
0.4720203594861879,0.3419325099740912
0.47358241464263184,0.10499154917637585
0.47876018578343493,0.11737902606244602
0.46175455416449585,0.13459327431002602
0.46831578847763833,0.14703373441631037
0.44876562530574915,0.4146042948198306
0.4615759621803913,0.10557966292075299
0.47746587161386056,0.1802807051006946
0.4676907165332723,0.11911157736344899
0.4775104093679212,0.08505926173180953
0.4912578764439286,0.09707055775435922
0.48063474016474006,0.09085562602323846
0.477331743889173,0.14287455162949894
0.4637184045378533,0.12247071352502664
0.4655037364217497,0.08659047679599871
0.47791220458483474,0.12238594037268397
0.49005263778247554,0.1244734792491218
0.5012113295300468,0.096800343331267
0.5122806517909221,0.14060157148231156
0.531830667973524,0.28965396658878134
0.5146019066164196,0.1176068539093669
0.5202704014929702,0.08290284466909331
0.5234840282818413,0.12108255315541569
0.5039340120992395,0.17720767832827344
0.5089330442666506,0.10884342928594515
0.5120577425366878,0.10979182892777858
0.5013007725113864,0.06886758963436279
0.5172351462042727,0.10971235409745733
0.4941143927592342,0.11176810304176668
0.49656948133084466,0.2343712746173287
0.4908115434729544,0.06976830437800349
0.49804231398987997,0.05582312081763705
0.514958796606054,0.12579805975447578
0.5245106014645461,0.06916429566756208
0.5393292529719627,0.08087888565691245
0.5568260492945111,0.1431924509507839
0.5724482177411109,0.1880480451840902
0.5790539163136703,0.1167697190299832
0.5696361656852222,0.08386184095496957
0.5794558585198711,0.09731428056734434
0.5881593882011883,0.15349238896041625
0.5740102728975548,0.05417534266897674
0.5751261420723119,0.054890616141867875
0.5705288316271705,0.07504013478931224
0.5778933623955652,0.07382152072438658
0.5823123748351767,0.07306915899734553
0.592756845635617,0.07396457541896481
0.590168070307181,0.044892682487456224
0.5907036257755637,0.04609540158631762
0.598150176566288,0.0627056411234562
0.586083164517668,0.07394338213087914
0.6011556665243014,0.0647507934237227
0.6033087656050947,0.14455941803230918
0.577604969413826,0.18622542240872317
0.580251585026826,0.15675085700358696
0.569126774309984,0.1073810924080344
0.5879671997080058,0.11045411918045556
0.5889540857831318,0.0751672945178262
0.6017837517490576,0.06606477728503382
0.614792671150881,0.052856060485644195
0.630627459601602,0.08806870863997371
0.626366019678007,0.12338202491271016
0.6273978109804123,0.10306825828260191
0.6190989428071113,0.18537239256327523
0.5930811040034644,0.12263496150769052
0.6079740585956259,0.06350038942666858
0.594516674878162,0.08122327658830447
0.6005724130321805,0.05504426748048893
0.6116973707383095,0.055425746666030874
0.6175288767345081,0.07443612607887082
0.6076153312398996,0.08629906908482085
0.6059554547127384,0.15578126407366788
0.5941128218112258,0.13145666767334785
0.6036229552067601,0.1359231531374014
0.6259175553623667,0.1435951234244115
0.617349476309323,0.14505746030232225
0.64072069949997,0.08204451650162395
0.6369526291192944,0.055860209071786966
0.6459242672606994,0.05608803691870785
0.6484812194084287,0.07256052008328961
0.6334536226290743,0.06444878906850202
0.64157309037719,0.0734930247590588
0.6595164401546437,0.10184434589565486
0.6641818066398184,0.1411208070404103
0.6453859189958574,0.07652366495530866
0.6504101598260456,0.047870339463491916
0.6176635189217012,0.1841272868882425
0.5623082352493723,0.3662624046964326
0.5667941278147185,0.17119408283396648
0.551362898452359,0.1770222370575239
0.5283504761120819,0.2053629615500771
0.5005383390780115,0.18153110909774875
0.5125155406720736,0.2819713996577284
0.517674203205524,0.1632889863780141
0.5268702204940365,0.1621551454654311
0.5544134406269386,0.17577713138249118
0.5605139370189488,0.19741018019593196
0.584423434979794,0.17658777465176778
0.5754517233437454,0.07065842247760135
0.6110245272755618,0.2024488844382984
0.6256482709879803,0.19147076120992482
0.6199961654169668,0.13080497406471372
0.6221942432196826,0.11959372466739784
0.6354273212846825,0.0861507160682212
0.650096190708311,0.12717032515802246
0.6462382363784338,0.09616454468869709
0.6380741573816137,0.08361811814198444
0.6404067303822355,0.06882520305819148
0.6352032361161498,0.06596940748864835
0.6531465123989598,0.07774227902023428
0.6590229236224371,0.10915073196318725
0.6524736689362117,0.07316452879373103
0.6496342033782365,0.04044209198946693
0.6426034117867216,0.09913160502068996
0.635031920101768,0.2021415817610563
0.6402598145895505,0.10651216759652218
0.6344008215966215,0.18470480398857683
0.6514821526985349,0.1225978732535406
0.6467048538710594,0.07448381097706355
0.6476962966140927,0.07298968416702431
0.6507159710383332,0.06737876114634495
0.6355726936898509,0.08159415912980358
0.6380063218255115,0.06641976486046869
0.615201374864299,0.07931588066059478
0.6255672063960184,0.06853379534701359
0.6190322096706642,0.07570772336401063
0.6341302878132928,0.10808047091486128
0.6404402439397466,0.27829966249688726
0.6354374635455083,0.07253932679520397
0.6310655611724855,0.04123154197065789
0.6294882926248033,0.059425979792199816
0.6394937799186359,0.001361668759503866
0.6496793290894464,0.059563736164756624
0.6441357751071255,0.056649659052977926
0.6511664932039962,0.032515802245428875
0.6612620849309614,0.05689868018798446
0.6377809872480363,0.10471603643126223
0.6490033253570209,0.07742437969894933
0.6683830544502523,0.09782821780342166
0.6815433728180246,0.07189822983061264
0.7090355141735797,0.17256104991549176
0.7024104865097366,0.12204684776331337
0.7082242802968116,0.13563704374824495
0.6990751525909571,0.04238657617132654
0.6970470678990373,0.05584431410572272
0.6990302473636782,0.08790975897933126
0.6930811499376168,0.11528618886398678
0.7061511433883255,0.13635761554315748
0.6598198260436905,0.30083872437599013
0.6563495559591432,0.19202708502217347
0.6533300285241899,0.2198379773125851
0.6244404600139986,0.16963637615967023
0.5986608173504686,0.16557256316924432
0.6300290662128862,0.14520051499690048
0.6128125784612737,0.15057831184863754
0.6179055367832883,0.082796878228665
0.6509412321211647,0.16149815353477553
0.6438654618077275,0.05645891946020696
0.6442710052514677,0.09993165164592374
0.6431444058587358,0.07581898812646035
0.642783620652987,0.07043589295270189
0.6451723435613687,0.045597359316304535
0.6399892808062215,0.05832392881174533
0.6568002986087372,0.1055425746666031
0.6835262583040909,0.14052739497401173
0.687267062171967,0.1202878048522033
0.6748280202371176,0.12592521948298974
0.6560341169485354,0.15658660902092308
0.6650480145100475,0.1300632089817155
0.6549975484942921,0.11178929632985235
0.6555833008042976,0.10657574746077919
0.6744673820206561,0.089499255585756
0.6676306162884157,0.1846041358701699
0.6553605385393511,0.16116965756944776
0.6699395975084214,0.18290867282331685
0.6704830903983198,0.08739582174325392
0.6565829749474215,0.08696665765951922
0.6332651088680751,0.13472573236056143
0.6723394181079961,0.1335812948039356
0.6776821112291824,0.12729218656451502
0.681349640937325,0.11383444863011885
0.6877790993543771,0.11119058594143236
0.6941178653811472,0.10106549255850672
0.6921707717865452,0.0876925277764532
0.6857414603587808,0.11736313109638177
0.681349640937325,0.11232972517603676
0.6840662234510935,0.11281187247998559
0.6979212131907818,0.11659487440327648
0.6772746569247067,0.3358712295815915
0.6567639922547667,0.27538028706308715
0.6648233413843653,0.15872183279555366
0.686782805964862,0.13664902325433537
0.7012262673163717,0.10720094945930625
0.7321506085310563,0.1583032653558618
0.7324223917233272,0.08550432078160847
0.7240460601956042,0.10254902272450317
0.7207861317812244,0.13672319976263517
0.719880604276635,0.09988926506975243
0.7346411215209128,0.06847551380477804
0.7239102420941124,0.048998882054053484
0.7249968604006909,0.051298353811347945
0.7197446391858557,0.06982658592023905
0.7335995554309005,0.09100927736185951
0.7350032296302476,0.08585930835704333
0.727939806416946,0.06003528682466263
0.730701882115143,0.04499864892788454
0.7329658846132259,0.0711458681035716
0.7311999553152568,0.09927995803728959
0.7346411215209128,0.06596410916662693
0.7219632219941541,0.11126476244973219
0.7344598837296363,0.14857554612454235
0.7097836896460837,0.22069630548005448
0.7349577364458193,0.12237004540661972
0.739712031449828,0.11134953560207483
0.7448736337690249,0.08337439532899932
0.7469563249811877,0.07984041454071494
0.7392139582497139,0.08337969365102071
0.7283926804112062,0.15941061465833772
0.7358634844343397,0.11155087183888862
0.744601997566041,0.11208600236305163
0.7350485023307447,0.10510811226084699
0.7515746548944171,0.062843397496013
0.7618528073162447,0.07458447909547047
0.7571437850127334,0.061524115312680476
0.7488579988860051,0.07519378612793329
0.7279852261067306,0.09256698403615576
0.7423833412630991,0.06617604204748356
0.7545177478999592,0.05117119408283397
0.7404817408529256,0.12695839227716582
0.7299774454125425,0.12033548975039607
0.7293434806162931,0.11477754994993086
0.7277588626042442,0.09483996418334315
0.7258120629882168,0.09522144336888508
0.7350485023307447,0.07181345667827
0.7277135899037468,0.09041056697343952
0.7363614106451661,0.28245884528369863
0.741456941279709,0.1532751577575382
0.7452329490819003,0.05286665712968703
0.7465977446147489,0.07773168237619146
0.7439591399179084,0.08363931143007008
0.7462338726339663,0.0844764463094538
0.7517843351127915,0.06233475858195709
0.7371349417697344,0.06680124404601062
0.7320396316191229,0.09778053290522892
0.7305382095437021,0.07689454749680777
0.7218487173393249,0.12774784225835678
0.7297646784191338,0.07226381405009033
0.7356335196943138,0.058186172439188506
0.7366344432463794,0.07227441069413318
0.7330859748609733,0.11854995522917894
0.7194829247597666,0.1216918601878785
0.7001020932468804,0.21857167834946672
0.7123857675050231,0.12164947361170719
0.7191189792843405,0.08716269557431161
0.7196649709921235,0.1038365149757072
0.7167532601994259,0.14940738268190465
0.7294917193125641,0.1945490863043674
0.7197560308556237,0.07774757734225571
0.717572137519135,0.08145110443522535
0.7233954856098865,0.11457091539109565
0.7398646063300753,0.08996020960161918
0.7451875293921157,0.055134338954853
0.7410475026198544,0.0846459926141391
0.7617020698020891,0.10300467841834493
0.7161618488018582,0.26507505073143334
0.7314025065531957,0.18882689852123832
0.7292642533904228,0.14552901096222826
0.7199834232831214,0.14833712163357865
0.7239415508123133,0.20829293362792003
0.7234410522889585,0.0743990378247209
0.7165257207826407,0.12144283905287195
0.6979639870733946,0.15982918209802957
0.7031503570875065,0.1271809218020653
0.710929985603318,0.08763424623421762
0.7216212514171834,0.1869724858137428
0.7243962621726652,0.17382734887861015
0.7245783084050219,0.11523320564377262
0.7147514865899376,0.13420649680246266
0.7080637679950487,0.09008207100811175
0.7115213970008856,0.06580515950598445
0.7180725625478462,0.08785147743709568
0.7124311871948076,0.07019746846173816
0.723986970502098,0.08543014427330864
0.7128861925337344,0.0917086558686864
0.7198924369142649,0.0734241465727804
0.7259886706169427,0.09614864972263285
0.7234865454733868,0.07014978356354543
0.7314936399113399,0.0739274871648149
0.7527851116755704,0.12771075400420687
0.7585630400765373,0.07152204896709213
0.7591998711638897,0.059770370723591836
0.7577897294359002,0.060252518027540676
0.7503739729008712,0.08472546744446033
0.7456423877417548,0.0853824593751159
0.7408656033767849,0.07652896327733008
0.7405924972809277,0.04995787833992974
0.7409110230665696,0.06396134344253177
0.729400879932995,0.09138015990335863
0.729582852670708,0.05711591139086252
0.7281724904587874,0.12708025368365838
0.7302196837580603,0.06775494200986548
0.7243681137241418,0.14937559274977616
0.7141277375491577,0.2526663805572775
0.7145393075536786,0.19306025781634956
0.717282201149879,0.1056167511749029
0.7053047055772421,0.19546569601407235
0.6965730274474015,0.16817403928175947
0.7068590437961013,0.14060157148231156
0.6830868338296212,0.17069074224193198
0.6726178893128407,0.12270383969396892
0.6680006618192662,0.13476811893673274
0.652731635135474,0.19586836848769995
0.6565717302669409,0.2415822908884756
0.6528687761405517,0.149195449801048
0.6438628160005557,0.37283232400298827
0.6274051604447786,0.19628163760537037
0.6216449442529347,0.1623564817022449
0.6283194338119641,0.1187459931439713
0.6450056577095375,0.15298904836838173
0.654514468201486,0.1188148713302497
0.6552460338845217,0.09450087157397252
0.6422627641133372,0.1656679329656298
0.644822876530744,0.14744170521195937
0.6189019036674467,0.18188609667318362
0.6450971585408999,0.1484907729721997
0.6623320199534283,0.25781105124007225
0.6827210509881032,0.1860399811379736
0.6940127680407073,0.12760478756377855
0.6914528026125876,0.10539422165000345
0.7124820454882235,0.1423182278172503
0.7053047055772421,0.08721038047250435
0.6984473613447755,0.06938152687044014
0.7096020108869453,0.08159945745182501
0.7346998437412009,0.1003184291534871
0.7521632734955255,0.11027927455374884
0.7556832259591901,0.0858857999671504
0.7549061670917259,0.06714563497740267
0.7651922569350693,0.14772781460111584
0.780141214445703,0.14281627008726336
0.8089877885893502,0.16652626113309915
0.8212852798405017,0.13203418477368217
0.8232968282375974,0.09238684108742762
0.8171709026988794,0.11763864384149542
0.8305198818169381,0.07058424596930152
0.8264054311806721,0.09118412198856624
0.8175367590350409,0.0996773321888958
0.822016772028894,0.06714033665538124
0.8175367590350409,0.09905742851239013
0.8072048085340511,0.12407610509751563
0.8146566509391193,0.08731104859091127
0.8174908983773945,0.05016981122078638
0.8245768844463011,0.05895972745431522
0.8270455695269892,0.050217496118979126
0.8225653360492053,0.0411997520385294
0.8311599466686117,0.06028430795966918
0.8266797866854714,0.05127716052326229
0.8267712140221901,0.06994314900471021
0.8188623819228167,0.12489204668881365
0.8211025721563521,0.1106395604512051
0.8259940081654387,0.10188673247182617
0.8378800764013568,0.09088741595536695
0.8536977406001038,0.1239012604708089
0.8501777146417957,0.07839927095088986
0.8190452365962535,0.10070520666105046
0.8175367590350409,0.16334726792024967
0.8000732557860726,0.2025177626245768
0.7891471745856993,0.17318625191401885
0.8203710064733163,0.16515929405157387
0.8219709848658912,0.12160178871351443
0.8477089560664635,0.10372525021325746
0.8541548772836967,0.08502217347765961
0.8547493019616548,0.06085122841596067
0.853149103085149,0.06977890102204631
0.8586807509351966,0.06738405946836637
0.8462461186789665,0.09973031540910995
0.8410802536704374,0.10682476859578571
0.8525548253964785,0.09810373054853527
0.8581779005832444,0.08642622881333481
0.8375995473464897,0.22629663185669097
0.8281831196216276,0.1114713970085674
0.8354405686942032,0.11021569468949186
0.8385182303922951,0.050704941744949376
0.8511499752828326,0.05243749304595235
0.8617607644618854,0.02704793391932775
0.867640188965753,0.024038487011163567
0.8759084098726457,0.02332321353827243
0.8690641476867516,0.026348555412500863
0.8800424835787704,0.045072825436184356
0.8609339497206605,0.09453266150610101
0.880501825101673,0.10498625085435442
0.8839927471810898,0.1581708073053264
0.8872082113360529,0.08881577204499336
0.8931337169814977,0.08905419653595706
0.8724634219455187,0.14175130736095878
0.8547328391614739,0.1282829727825198
0.8573970934889534,0.09615394804465427
0.8602449374363066,0.1032695945194157
0.8540438268771198,0.09852229798822715
0.8162400930368696,0.2694779563312299
0.8229006921082462,0.22490847148708004
0.8347517033991365,0.19021505889084928
0.8543194317908613,0.22604761072168444
0.8486696045538018,0.2345673125321211
0.8441680576293551,0.14090357583753227
0.8476591266980591,0.15169625779515628
0.8463268892923541,0.1260735724995894
0.8524820656992504,0.10564324278501
0.8461432996724803,0.15132007693163577
0.856064856083248,0.09391275782959538
0.8769648218806783,0.10459947334679107
0.8452245431320311,0.15898674889662445
0.8362214492831379,0.15563820937908965
0.830525614399144,0.12723390502227946
0.8387937618113932,0.12513047117977738
0.8550543782275057,0.13082616735279937
0.8349813006659441,0.0725234318291397
0.8197770962578641,0.09076555454887439
0.8369564692144258,0.09343061052564652
0.8680536698310091,0.13682916620306348
0.888677957220054,0.14978886186744658
0.8757246732634847,0.10763541186506234
0.8766433563092901,0.1405803781942259
0.8540438268771198,0.19573591043716457
0.847383448289674,0.14204271507213667
0.8348434982090733,0.17368429418403192
0.8602309734540103,0.0997197187650671
0.8581076397039011,0.14263612713853524
0.8418596643664986,0.14098834898987492
0.8877415619651254,0.15168566115111345
0.9020047409557259,0.34714605884316435
0.9443323640920973,0.278628158462215
0.92970002150637,0.2716979532582031
0.8928190129173266,0.2947880406275333
0.893742105641752,0.29344226683409363
0.9213452239092408,0.20319594784331801
0.9299769493236976,0.1699595738029766
0.9121597163547721,0.16812635438356674
0.923560940426436,0.11909568239738474
0.9421167945641891,0.1744525508771372
0.9393933035539161,0.16400955817292664
0.9290539300939158,0.30078044283375455
0.9437785819520856,0.2380218184900842
0.9500097518205313,0.16100011126476246
0.9584107040538818,0.11715119821552514
0.9700890029321607,0.14486672070955128
0.9847216394964624,0.11382385198607603
0.9937685361529798,0.09973561373113135
0.985782902150977,0.11092037151834014
1.0,0.11149788861867446
0.9839367167021262,0.16567852960967264
0.9227760911267435,0.30205733844091576
0.9125288799498987,0.21020562787765115
0.8865413944340852,0.23188636158928466
0.8441675431668492,0.32469177011640415
0.8530763433879214,0.2186670481458522
0.8397824852526108,0.15178103094749892
0.8449984736081193,0.1190056109230207
0.8539994361123464,0.12883929659476845
0.8520146397655448,0.126947795633123
0.8593078072349414,0.1332104122624365
0.8404287236543522,0.13283952972093738
0.8565843162246682,0.08493210200329557
0.8632773264339011,0.12036198136050313
0.850953009637812,0.18616184254446616
0.804332417375714,0.2352084094967124
0.8141180821903462,0.18352857649982252
0.8010550707307857,0.08743290999740383
0.8158259507198202,0.14961401724073986
0.8271810936499067,0.2048225327038927
0.8042862627394924,0.19821552514318716
0.79773164294428,0.1589390639984317
0.7941774419766678,0.08577983352672208
0.8172108102903892,0.10238477474183927
0.7913155605523747,0.12395424369102306
0.7825915993601189,0.11173631310963819
0.7625586498739978,0.13896968829971548
0.7503264218664203,0.1684442537048517
0.7562348767545355,0.09491943901366437
0.7656974591156185,0.13589666152729432
0.787992132765869,0.1376398094723401
0.7747445762560672,0.12853199391752632
0.7945929806919465,0.11923343876994158
0.7613584823429578,0.10356630055261498
0.7221695949535638,0.25231139298184263
0.7086911182733684,0.16583747927031509
0.7239698462501238,0.12786440534282795
0.7248929389745493,0.07914103603388806
0.7264161154644948,0.07103460334112185
0.7442797235535725,0.07307975564138838
0.7559340631780169,0.046169578094617435
0.7433045966214329,0.1981254536688231
0.7504550374928332,0.11286485570019975
0.769352788712913,0.07554877370336816
0.7628988565795207,0.06879341312606299
0.7683312866606211,0.07869597698408914
0.7849537907021376,0.16458177695123954
0.7521265996683371,0.09236564779934195
0.7294215319278645,0.08118618833415459
0.703094795136896,0.11053359401077678
0.6889331857438398,0.14350505195004742
0.6908832926188319,0.1041438176529493
0.6971515037876841,0.08318365573622835
0.6894903486374598,0.1302592468965079
0.6814112294487157,0.2868352592733881
0.6954336399866717,0.12133157429042224
0.6932048414229041,0.07589316463476017
0.6967336132438084,0.09742024700777266
0.7247319122102807,0.25699510964877426
0.715770710308276,0.061545308600766145
0.7134954631297125,0.07896619140718134
0.7125203361975727,0.08016361218402132
0.7131239477059887,0.08732164523495409
0.7223175396712602,0.05827624391355258
0.6986838671080877,0.08318365573622835
0.696594340894064,0.10542601158213194
0.7101059636585523,0.07106109495122895
0.6965015906537598,0.06277981763175602
0.6972907761374283,0.061063161296817305
0.6816432520387644,0.10532534346372505
0.6826185259601915,0.06551375179480659
0.6770930516602118,0.08692427108334791
0.6938549750407598,0.17651359814346798
0.69891596319278,0.07015508188556685
0.7299322462066888,0.09122121024271615
0.7185565247763765,0.13172158377441864
0.7067164641873922,0.18358155972003667
0.7136811105996089,0.10313713646888031
0.7320680740462209,0.0989832520040903
0.7256141419128286,0.0668595255882462
0.7438153843949007,0.07287841940457457
0.7616916335626887,0.08854555762190114
0.7782212403746132,0.08853496097785832
0.7771997383223213,0.08366580304017718
0.7559340631780169,0.12124150281605817
0.7704671145001531,0.06656281955504692
0.7784533364593056,0.06495212966053651
0.784350252688365,0.0432449043387959
0.7808213338781735,0.052797778943408626
0.7837465676853057,0.05895442913229381
0.8175024370364496,0.09248221088381312
0.8337070505340902,0.1102368879775775
0.8369572776555061,0.08057158297967035
0.8286925109968657,0.07441493279078515
0.843457805392982,0.09647184736593922
0.8413218305641623,0.05408527119461267
0.8460578988965421,0.0419362187995062
0.8303175510629299,0.07505073143335506
0.8256279313453463,0.11789296329852336
0.8262316163484056,0.051547374946354495
0.8292496738904858,0.059007412352507956
0.8328713429409818,0.050763223287184946
0.7966545789413775,0.05631056644360732
0.8019478836620213,0.07809196827364773
0.7745390852323812,0.132108361281982
0.7711305506485122,0.09296965650978337
0.7783678621887238,0.08462479932605343
0.7684690891174921,0.04799220086998448
0.7873329593068426,0.12135276757850788
0.7911149936698145,0.11616571031954182
0.7983524521993135,0.08031196520062098
0.8055431681354417,0.0715485405771992
0.8161892347434536,0.10435045221178454
0.7794416924273049,0.09072316797270305
0.740500041019198,0.27810892290411626
0.7424144294973691,0.18451406439580587
0.7127177428104554,0.387736503849231
0.7323287595472989,0.11644652138667685
0.7186478051238077,0.0756653367878393
0.7122040887458846,0.06631379842004037
0.6995036998581644,0.09761628492256502
0.6752233479253886,0.10170129120107663
0.6607019087569512,0.16118025421349058
0.6438458387378692,0.25432475534998067
0.6652310896674157,0.13875775541885885
0.6529510166468123,0.07451560090919207
0.6324994416703789,0.13784114570915393
0.6579002929404628,0.0966360953486031
0.6818071450941361,0.11817907268767983
0.659581188935712,0.1271491318699368
0.6483283505496067,0.10177016938735503
0.6362348804292672,0.11707702170722534
0.6289040837023147,0.11621869353975597
0.6223204335228546,0.12868034693412597
0.619892317485469,0.09088211763334553
0.6414645387884977,0.14924843302126217
0.6276899521889783,0.10879574438775241
0.6501493273356804,0.12377939906431634
0.6643438623290984,0.09988926506975243
0.6569664699980625,0.09117882366654481
0.5934174889875163,0.2880803649484208
0.6124682560557061,0.3203153561267147
0.6262893647646651,0.1233608316246245
0.6315188026399643,0.11147669533058882
0.6369819534821165,0.18377759763482907
0.6381959380061656,0.13151494921558343
0.6503828198186024,0.16202798573691712
0.6433321846732983,0.13056654957375
0.6418380385676006,0.1259093245169255
0.6218067794582838,0.12472250038412835
0.624888556856421,0.13631522896698617
0.6412776419096591,0.14135923153137403
0.6394099960248585,0.16381352025813425
0.6754102448042274,0.29771801270537623
0.672608628987739,0.21281770063420916
0.717340408907661,0.22557076173975704
0.738398829156832,0.23898081477596045
0.7358307058232656,0.1765930729737892
0.706460923311371,0.29507415001668974
0.7139785434225188,0.16947212817700635
0.7025386611682873,0.20639083602223177
0.7060873500376247,0.09714473426265902
0.7139785434225188,0.09003968443194041
0.7183209744434319,0.12167596522181426
0.715145858847841,0.09213781995242107
0.7189279667054566,0.02309538569135155
0.6964687385480416,0.1107031403154621
0.7163131007785195,0.0855467073577798
0.7380719984764561,0.2387953735052109
0.7310680324298791,0.1045041035504056
0.7254648742915462,0.05796364291428905
0.7083285691961716,0.09740965036372981
0.7087021424699179,0.12883399827274702
0.7137449774449531,0.11458151203513847
0.7175270853025687,0.048712772664897035
0.7096827080056888,0.08839720460530151
0.7306010474640352,0.12459004233359297
0.7408269451942173,0.15465801980512772
0.7387723289359345,0.11040643428226282
0.7141652198174264,0.14343617376376902
0.7104068507297142,0.23991331945172967
0.6924601201986523,0.0895045539077774
0.6878561952355811,0.18098538192954292
0.7019972261284116,0.11075612353567627
0.7031248544461549,0.09183581559720039
0.708997370453518,0.051579164878482985
0.7109236650639627,0.02509815141544673
0.6947152298448517,0.05113940415070547
0.7057557422054107,0.04338266071135272
0.6956549323587454,0.04705969619421529
0.6980509312368497,0.05829743720163825
0.7058496683600138,0.06172015322747287
0.676909682524269,0.08750178818368223
0.7188632179243881,0.14354214020419734
0.7162793667370773,0.08442876141126104
0.7201317354740363,0.029633515065778666
0.7294338790280002,0.06222879214152877
0.7314540262984046,0.07251283518509688
0.7245949181944902,0.054440258770047524
0.7296687679091518,0.08054509136956325
0.7069772231831136,0.10879574438775241
0.688278936425939,0.12713853522589397
0.7031248544461549,0.24785550416183194
0.7100309991220146,0.1319070250451682
0.6773794602865721,0.20115609386507294
0.6630033935233026,0.1853300059871039
0.6693927973595579,0.18761358277833412
0.6736680542761616,0.1464138307398047
0.6633792451310027,0.10339675424792968
0.6821245684601227,0.12147462898500047
0.6996952268995542,0.12790679191899926
0.7254405475644932,0.14729335219535974
0.7107826288427708,0.0782085313581189
0.7045342612277077,0.05296202692607251
0.7049100393407639,0.07425598313014267
0.6959838208891437,0.060353186145947584
0.6756412384692644,0.12312770545568219
0.688278936425939,0.10246424957216049
0.6908629346025367,0.18170065540243405
0.6813728652447228,0.07993048601507902
0.6770506452508173,0.11730484955414622
0.6648827250564462,0.14353154356015452
0.6699095381991625,0.3389760462861412
0.6330768890856505,0.2011401988990087
0.6219425240651321,0.2728635841029146
0.6310566683206025,0.13030693179470063
0.6343454066352985,0.14334080396738352
0.7263387990993599,0.6079506620253365
0.7032104022113803,0.28744456630585097
0.7065685194696957,0.11175220807570244
0.7225077438090638,0.1137496754777762
0.713048321717658,0.1589390639984317
0.7105414929169079,0.08659577511802014
0.6943184322637076,0.17124176773215924
0.6856630415739905,0.12264555815173336
0.6667441238965354,0.1417883956151087
0.650142639323107,0.17185107476462205
0.6456021402375179,0.11172571646559534
0.6458385725061866,0.1326117018740165
0.6311291340392555,0.2693454982806945
0.63524395214874,0.301538102882817
0.62152772029629,0.5927126878917447
0.6200142450993081,0.12137396086659355
0.6193047278093717,0.1416188493104234
0.6012370985894815,0.14090357583753227
0.6035074216269198,0.168958190940929
0.614433061859431,0.19061243304245545
0.6367575008403654,0.15899204721864585
0.6526021375733373,0.26328951621021623
0.6644738008590974,0.13172158377441864
0.6610210959943859,0.126349085244703
0.6747373278468357,0.14605354484234845
0.6666021322449757,0.06582635279407012
0.6492914243601855,0.15315859467306706
0.6413926610269939,0.09092980253153826
0.6623453959785753,0.13849813763980948
0.6610683530502621,0.09197887029177859
0.6635751083563686,0.1553468016679118
0.6627710034600359,0.08739052342123249
0.6589400216643837,0.11806780792523008
0.6618251273960744,0.06791389167050796
0.6689669693941662,0.10992958530033539
0.666271112369911,0.09124240353080179
0.6782373632620671,0.10351861565442225
0.6810751384432384,0.12309061720153228
0.6633386760877,0.28417020329661596
0.6701021676602071,0.1090235722346733
0.6439466733889767,0.10217284186098263
0.628575048182629,0.09068078139653174
0.638223645486827,0.0859122915772575
0.6484399154186893,0.060618102247018364
0.6622981389226991,0.08101134370744786
0.6501900433682704,0.10743937395026995
0.6466900079530391,0.07160152379741336
0.6548724606107754,0.06359575922305405
0.6745954096899196,0.07412352507960729
0.6684941783514728,0.06924906881990472
0.6715683858013125,0.0498413152554586
0.6643318827021812,0.05497009097218911
0.6596967960101963,0.038741330620592464
0.6640008628271168,0.04204218523993452
0.6670752172662436,0.05110231589655557
0.6539737681080466,0.06505809610096483
0.6632913455371802,0.0851440348841522
0.6631494273802642,0.06791389167050796
0.6639062017260768,0.060019391858598385
0.6606899291300338,0.05711591139086252
0.6516562615093761,0.09367963166065307
0.6305142043557151,0.12211572594959177
0.6366629132339688,0.09544927121580596
0.6361426446514686,0.08590699325523607
0.647570914752001,0.09470220781078634
0.6395711697784145,0.15382618324776545
0.6546183896276274,0.10849903835455313
0.6688086619317131,0.09837394497162749
0.6691418866460875,0.07812905652779764
0.6578564901328388,0.08879457875690769
0.6821416927120965,0.1015582365064984
0.6799036338232269,0.0802536836583854
0.6736180044238264,0.06044325762031164
0.6702371773206185,0.07578719819433186
0.670094303733335,0.1542765406195858
0.6882368239951192,0.1374066833033978
0.7033792194078775,0.08597057311949305
0.6974270352067821,0.18405311037994268
0.68176069647934,0.09254049242604867
0.6925699946909305,0.08081000747063405
0.6912366548655703,0.06057571567084704
0.6746656705692627,0.35752547168311793
0.6815225738338674,0.05821796237131701
0.6893795187148138,0.09366903501661025
0.6899033150402103,0.09707585607638061
0.6973317861485933,0.06842253058456388
0.6971889125613094,0.08650570364365606
0.7043792610242194,0.02073763239182151
0.6938080854581017,0.061041968008731635
0.6871415333205881,0.045168195232569854
0.6886176732385885,0.07464276063770603
0.6983318277649351,0.07201479291508378
0.707522038976598,0.07603092100731698
0.7176646672755085,0.13751794806584755
0.725712110272833,0.0820339198575811
0.7275216218944953,0.04964527734066621
0.7221407850532473,0.04268858052654725
0.7352833177172526,0.06504220113490058
0.7430450870346537,0.0726188016255252
0.7550924025187717,0.13095332708131335
0.7550924025187717,0.28473712375290744
0.7558543214896409,0.07943244374506594
0.7492353938812217,0.11127006077175358
0.8561378362644068,0.7351262855053804
0.8280432593147342,0.27237084015492297
0.8312336617962073,0.15523023858344062
0.8276622630819779,0.12306412559142521
0.8251861550422792,0.14942857596999032
0.8189957747010674,0.1098977953682069
0.8175197082777108,0.06612835714929083
0.8110435807619318,0.13300377770360128
0.8166149157195579,0.08187497019693862
0.8115198260528773,0.09789709598970006
0.8144721058888778,0.100482677136151
0.8194719464973692,0.10976533731767149
0.8156149475978598,0.08902240660382857
0.8170910875158601,0.05383625005960612
0.7968057574233953,0.07842576256099693
0.7924249621984893,0.07964437662592258
0.791282193984151,0.07467455056983455
0.7954724910926785,0.05267061921489464
0.7893298087752054,0.0707114056978155
0.7819014111614662,0.05140432025177626
0.7853298627937684,0.07208367110136221
0.7824252074868625,0.0568456969677703
0.7903297768969035,0.0500108615601439
0.7920440394603767,0.0564430244941427
0.7868060762064122,0.08986483980523369
0.7903982739047988,0.10727512596760608
0.7792863247505981,0.09241863101955611
0.7814895471783707,0.08677061974472686
0.7560085132520489,0.10669231054525033
0.7422142300880272,0.08894823009552874
0.7313896449905544,0.11741611431659593
0.7372809021320521,0.13363427802414976
0.7363708179595552,0.06770725711167275
0.7471954765516717,0.1145603187470528
0.7388614779386993,0.1194082833966483
0.7559605947443797,0.11299731375073516
0.7445612080388075,0.18835534786133232
0.7437468873870055,0.08163654570597492
0.7371372201036881,0.0789449981190957
0.7429326402298468,0.07686805588670068
0.735364970266364,0.09029930221098978
0.7250193497616524,0.09274712698488388
0.7213791600609527,0.04034142387106004
0.7039447606908753,0.07016038020758825
0.6922579364339314,0.11098924970461854
0.7004483265131833,0.07664552636180122
0.6981493405647163,0.08375057619251983
0.6934075396501306,0.0647454951017013
0.6988677507065362,0.07531564753442585
0.69163536330745,0.06601179406481966
0.6838281743002643,0.07265059155765369
0.6925454474799467,0.05799013452439613
0.7013584106856802,0.047245137464964844
0.7111772215846052,0.06924377049788333
0.7261688059885638,0.11577363448995703
0.7190322556048163,0.06279571259782027
0.7178827258832607,0.06403551995083157
0.7326349382328048,0.08969529350054839
0.7350776062096358,0.09610626314646153
0.7091176076905529,0.14947626086818305
0.7302400417743555,0.28425497644895864
0.7350776062096358,0.25536322646617815
0.7179305708962864,0.1012244422191492
0.7068186217420858,0.12035138471646031
0.7057648555412253,0.09490884236962155
0.6914916812790862,0.1038630065858143
0.6890010212999421,0.09333524072926105
0.708542879577097,0.0828710547369648
0.7172121607544665,0.07374204589406536
0.7169726417107642,0.09421476218481609
0.7353171252533384,0.05884316436984407
0.7388614779386993,0.05133014374347645
0.7435074418379468,0.04668881365271619
0.7354129622686767,0.0878567757591171
0.7382388313175743,0.09627580945114683
0.7297610771815943,0.04399726606583695
0.7357960898460993,0.10636911290194395
0.7257856784111414,0.0804868098273277
0.7559126762367105,0.10302057338440918
0.7673599814499519,0.10828180715167507
0.7734907576351517,0.04091364264937295
0.7727723474933319,0.07081737213824382
0.7818248297427675,0.09971442044304568
0.7861355110776178,0.09305442966212601
0.7932721349560095,0.05564297786890892
0.797055933190429,0.020112430393294446
0.7758377355859318,0.09024102066875422
0.7824474028692492,0.061545308600766145
0.7835970060854482,0.029824254658549633
0.8017977341050149,0.1994341392081128
0.8310146477580873,0.136325825611029
0.843132518100123,0.17038873788671127
0.83484643799482,0.10418620422912064
0.8386781547369089,0.06034258950190475
0.8378112119202434,0.07465865560377027
0.8295267486971005,0.09950778588421047
0.8404121138648839,0.06062340056903979
0.8446506969542991,0.09332994240723963
0.8628572310507152,0.17276238615230557
0.8925753046789355,0.22240236517095036
0.8883367215895199,0.21736366092858395
0.8840982119947483,0.0949247373356858
0.8915637978981819,0.08732694355697551
0.8683962283651292,0.10908185377690885
0.8889628959535412,0.10263379587684582
0.8960432229348854,0.0613969555841665
0.9042794736717841,0.041756075850778056
0.9067840976332242,0.08159415912980358
0.9077956044139779,0.028743396966180813
0.9058689423303148,0.029813658014506812
